1.1670
1.1682
1.1679
1.1725
1.1670
1.1688
1.1603
1.1630
1.1676
1.1664
1.1591
1.1606
1.1646
1.1630
1.1575
1.1557
1.1563
1.1633
1.1621
1.1627
1.1658
1.1655
1.1578
1.1649
1.1670
1.1670
1.1612
1.1636
1.1554
1.1557
1.1603
1.1517
1.1591
1.1545
1.1578
1.1609
1.1639
1.1609
1.1655
1.1646
1.1630
1.1673
1.1661
1.1670
1.1673
1.1557
1.1649
1.1542
1.1621
1.1557
1.1511
1.1496
1.1554
1.1496
1.1478
1.1554
1.1551
1.1487
1.1566
1.1575
1.1517
1.1594
1.1530
1.1591
1.1670
1.1594
1.1627
1.1630
1.1655
1.1691
1.1728
1.1728
1.1713
1.1676
1.1649
1.1670
1.1710
1.1746
1.1652
1.1749
1.1737
1.1682
1.1743
1.1670
1.1737
1.1737
1.1664
1.1731
1.1731
1.1700
1.1713
1.1719
1.1728
1.1655
1.1728
1.1710
1.1710
1.1685
1.1630
1.1713
1.1691
1.1664
1.1655
1.1685
1.1569
1.1627
1.1557
1.1591
1.1606
1.1612
1.1603
1.1487
1.1563
1.1572
1.1575
1.1578
1.1597
1.1584
1.1487
1.1539
1.1530
1.1621
1.1581
1.1530
1.1584
1.1606
1.1469
1.1493
1.1499
1.1508
1.1453
1.1514
1.1469
1.1502
1.1450
1.1469
1.1475
1.1398
1.1450
1.1465
1.1420
1.1380
1.1469
1.1411
1.1432
1.1426
1.1484
1.1478
1.1472
1.1407
1.1469
1.1502
1.1414
1.1548
1.1517
1.1557
1.1475
1.1496
1.1584
1.1530
1.1563
1.1517
1.1493
1.1548
1.1548
1.1530
1.1530
1.1514
1.1426
1.1481
1.1478
1.1539
1.1536
1.1493
1.1499
1.1514
1.1530
1.1533
1.1478
1.1462
1.1508
1.1490
1.1548
1.1536
1.1551
1.1594
1.1548
1.1566
1.1624
1.1615
1.1627
1.1725
1.1691
1.1765
1.1758
1.1807
1.1826
1.1795
1.1847
1.1789
1.1829
1.1823
1.1841
1.1850
1.1865
1.1835
1.1871
1.1844
1.1832
1.1774
1.1728
1.1780
1.1710
1.1725
1.1710
1.1713
1.1694
1.1600
1.1655
1.1664
1.1618
1.1621
1.1639
1.1633
1.1612
1.1526
1.1591
1.1575
1.1523
1.1606
1.1594
1.1609
1.1545
1.1575
1.1615
1.1591
1.1600
1.1533
1.1566
1.1508
1.1563
1.1566
1.1505
1.1484
1.1569
1.1490
1.1523
1.1459
1.1496
1.1563
1.1594
1.1597
1.1551
1.1514
1.1514
1.1520
1.1530
1.1548
1.1563
1.1554
1.1551
1.1499
1.1533
1.1502
1.1499
1.1597
1.1514
1.1572
1.1633
1.1642
1.1642
1.1670
1.1646
1.1621
1.1646
1.1670
1.1575
1.1584
1.1612
1.1609
1.1578
1.1630
1.1578
1.1630
1.1554
1.1630
1.1545
1.1572
1.1533
1.1517
1.1536
1.1603
1.1566
1.1523
1.1496
1.1508
1.1542
1.1536
1.1475
1.1505
1.1508
1.1536
1.1539
1.1536
1.1523
1.1618
1.1603
1.1551
1.1584
1.1563
1.1658
1.1670
1.1673
1.1603
1.1670
1.1578
1.1667
1.1578
1.1661
1.1606
1.1581
1.1646
1.1646
1.1606
1.1609
1.1600
1.1694
1.1591
1.1713
1.1658
1.1691
1.1682
1.1658
1.1661
1.1670
1.1673
1.1652
1.1676
1.1612
1.1670
1.1667
1.1682
1.1621
1.1615
1.1584
1.1673
1.1600
1.1646
1.1722
1.1725
1.1710
1.1700
1.1725
1.1670
1.1795
1.1743
1.1719
1.1731
1.1826
1.1832
1.1813
1.1765
1.1835
1.1835
1.1758
1.1868
1.1792
1.1798
1.1826
1.1847
1.1887
1.1899
1.1816
1.1880
1.1890
1.1884
1.1786
1.1887
1.1780
1.1789
1.1868
1.1838
1.1740
1.1813
1.1752
1.1719
1.1682
1.1731
1.1636
1.1609
1.1691
1.1703
1.1710
1.1621
1.1700
1.1688
1.1682
1.1661
1.1722
1.1703
1.1768
1.1688
1.1749
1.1722
1.1719
1.1603
1.1652
1.1639
1.1728
1.1670
1.1636
1.1752
1.1679
1.1734
1.1694
1.1755
1.1731
1.1676
1.1758
1.1755
1.1746
1.1765
1.1694
1.1673
1.1639
1.1664
1.1719
1.1612
1.1621
1.1682
1.1682
1.1685
1.1652
1.1649
1.1560
1.1606
1.1545
1.1584
1.1551
1.1517
1.1591
1.1606
1.1615
1.1615
1.1615
1.1569
1.1594
1.1514
1.1557
1.1514
1.1572
1.1465
1.1557
1.1548
1.1591
1.1621
1.1627
1.1545
1.1624
1.1621
1.1588
1.1710
1.1646
1.1740
1.1743
1.1703
1.1694
1.1725
1.1722
1.1685
1.1761
1.1737
1.1636
1.1688
1.1591
1.1642
1.1600
1.1557
1.1530
1.1603
1.1600
1.1609
1.1548
1.1591
1.1557
1.1526
1.1542
1.1591
1.1600
1.1603
1.1563
1.1597
1.1630
1.1554
1.1575
1.1597
1.1658
1.1655
1.1652
1.1633
1.1661
1.1691
1.1655
1.1703
1.1707
1.1722
1.1624
1.1691
1.1694
1.1707
1.1707
1.1685
1.1682
1.1731
1.1600
1.1664
1.1655
1.1676
1.1609
1.1609
1.1682
1.1627
1.1603
1.1682
1.1630
1.1639
1.1655
1.1646
1.1572
1.1530
1.1636
1.1639
1.1530
1.1557
1.1609
1.1560
1.1646
1.1633
1.1597
1.1609
1.1566
1.1658
1.1597
1.1636
1.1658
1.1630
1.1554
1.1642
1.1581
1.1563
1.1630
1.1591
1.1597
1.1557
1.1523
1.1508
1.1523
1.1481
1.1536
1.1487
1.1487
1.1420
1.1475
1.1395
1.1392
1.1362
1.1469
1.1478
1.1426
1.1404
1.1478
1.1456
1.1508
1.1560
1.1588
1.1594
1.1612
1.1526
1.1526
1.1548
1.1575
1.1530
1.1526
1.1597
1.1526
1.1572
1.1499
1.1502
1.1502
1.1563
1.1530
1.1545
1.1481
1.1478
1.1475
1.1536
1.1505
1.1548
1.1472
1.1545
1.1563
1.1469
1.1493
1.1581
1.1508
1.1472
1.1581
1.1603
1.1530
1.1594
1.1566
1.1588
1.1502
1.1594
1.1533
1.1523
1.1600
1.1600
1.1569
1.1545
1.1615
1.1621
1.1563
1.1600
1.1536
1.1511
1.1514
1.1581
1.1551
1.1584
1.1594
1.1588
1.1597
1.1630
1.1557
1.1633
1.1697
1.1722
1.1670
1.1758
1.1716
1.1755
1.1710
1.1731
1.1761
1.1713
1.1710
1.1801
1.1758
1.1722
1.1734
1.1740
1.1725
1.1639
1.1633
1.1691
1.1691
1.1575
1.1612
1.1572
1.1539
1.1530
1.1508
1.1456
1.1478
1.1560
1.1554
1.1539
1.1499
1.1560
1.1560
1.1542
1.1539
1.1612
1.1551
1.1581
1.1572
1.1588
1.1642
1.1667
1.1636
1.1649
1.1545
1.1594
1.1642
1.1551
1.1624
1.1578
1.1566
1.1578
1.1539
1.1557
1.1630
1.1633
1.1649
1.1673
1.1609
1.1603
1.1691
1.1600
1.1719
1.1664
1.1710
1.1658
1.1749
1.1655
1.1719
1.1673
1.1676
1.1722
1.1755
1.1722
1.1768
1.1761
1.1768
1.1783
1.1694
1.1792
1.1691
1.1795
1.1725
1.1731
1.1798
1.1813
1.1789
1.1780
1.1728
1.1786
1.1761
1.1685
1.1743
1.1731
1.1707
1.1664
1.1603
1.1575
1.1551
1.1569
1.1594
1.1591
1.1551
1.1627
1.1566
1.1630
1.1563
1.1649
1.1588
1.1661
1.1670
1.1679
1.1591
1.1642
1.1551
1.1612
1.1581
1.1575
1.1563
1.1539
1.1526
1.1517
1.1603
1.1597
1.1642
1.1655
1.1670
1.1673
1.1703
1.1615
1.1685
1.1700
1.1642
1.1722
1.1703
1.1731
1.1664
1.1710
1.1646
1.1685
1.1639
1.1633
1.1633
1.1618
1.1615
1.1633
1.1655
1.1636
1.1591
1.1545
1.1603
1.1526
1.1554
1.1530
1.1487
1.1514
1.1478
1.1395
1.1453
1.1478
1.1435
1.1523
1.1459
1.1465
1.1484
1.1514
1.1487
1.1557
1.1505
1.1539
1.1594
1.1600
1.1551
1.1588
1.1526
1.1584
1.1554
1.1578
1.1676
1.1636
1.1588
1.1621
1.1615
1.1694
1.1707
1.1633
1.1655
1.1737
1.1670
1.1694
1.1734
1.1746
1.1713
1.1682
1.1676
1.1737
1.1646
1.1679
1.1743
1.1734
1.1746
1.1740
1.1740
1.1780
1.1722
1.1829
1.1740
1.1792
1.1832
1.1868
1.1868
1.1841
1.1926
1.1865
1.1899
1.1841
1.1890
1.1908
1.1841
1.1945
1.1905
1.1899
1.1902
1.1905
1.1938
1.1984
1.1920
1.1914
1.1987
1.1911
1.1996
1.1951
1.2012
1.1975
1.1966
1.1990
1.1978
1.1850
1.1923
1.1841
1.1832
1.1792
1.1804
1.1862
1.1826
1.1829
1.1752
1.1682
1.1707
1.1768
1.1639
1.1630
1.1667
1.1719
1.1627
1.1612
1.1603
1.1633
1.1682
1.1673
1.1563
1.1652
1.1591
1.1578
1.1603
1.1639
1.1588
1.1584
1.1697
1.1636
1.1676
1.1618
1.1575
1.1624
1.1551
1.1584
1.1499
1.1618
1.1520
1.1606
1.1658
1.1533
1.1646
1.1557
1.1603
1.1536
1.1548
1.1627
1.1575
1.1642
1.1591
1.1560
1.1658
1.1575
1.1646
1.1588
1.1646
1.1682
1.1688
1.1722
1.1664
1.1731
1.1676
1.1765
1.1676
1.1685
1.1694
1.1707
1.1688
1.1710
1.1731
1.1758
1.1676
1.1777
1.1691
1.1771
1.1716
1.1777
1.1688
1.1679
1.1777
1.1743
1.1707
1.1737
1.1710
1.1688
1.1716
1.1716
1.1688
1.1649
1.1642
1.1627
1.1627
1.1633
1.1621
1.1551
1.1636
1.1545
1.1591
1.1517
1.1511
1.1557
1.1609
1.1490
1.1478
1.1533
1.1563
1.1493
1.1542
1.1591
1.1594
1.1554
1.1502
1.1578
1.1530
1.1597
1.1566
1.1688
1.1572
1.1603
1.1676
1.1618
1.1606
1.1609
1.1646
1.1588
1.1615
1.1597
1.1533
1.1594
1.1511
1.1490
1.1496
1.1456
1.1472
1.1426
1.1542
1.1453
1.1386
1.1374
1.1411
1.1395
1.1392
1.1499
1.1499
1.1487
1.1441
1.1414
1.1456
1.1484
1.1557
1.1572
1.1496
1.1490
1.1588
1.1600
1.1581
1.1508
1.1481
1.1487
1.1530
1.1475
1.1551
1.1472
1.1450
1.1539
1.1530
1.1478
1.1539
1.1469
1.1526
1.1508
1.1523
1.1557
1.1548
1.1581
1.1621
1.1636
1.1658
1.1581
1.1658
1.1636
1.1578
1.1694
1.1639
1.1600
1.1594
1.1685
1.1679
1.1612
1.1673
1.1588
1.1615
1.1594
1.1627
1.1685
1.1624
1.1612
1.1682
1.1700
1.1615
1.1691
1.1621
1.1694
1.1615
1.1755
1.1737
1.1737
1.1679
1.1649
1.1649
1.1627
1.1636
1.1664
1.1572
1.1572
1.1560
1.1600
1.1572
1.1484
1.1536
1.1481
1.1465
1.1533
1.1517
1.1432
1.1520
1.1462
1.1441
1.1493
1.1472
1.1426
1.1505
1.1469
1.1505
1.1523
1.1435
1.1511
1.1499
1.1478
1.1502
1.1469
1.1472
1.1542
1.1563
1.1575
1.1572
1.1588
1.1612
1.1554
1.1606
1.1505
1.1597
1.1533
1.1536
1.1618
1.1575
1.1578
1.1609
1.1603
1.1533
1.1581
1.1612
1.1563
1.1539
1.1523
1.1621
1.1560
1.1523
1.1633
1.1606
1.1566
1.1670
1.1588
1.1652
1.1618
1.1597
1.1545
1.1618
1.1627
1.1636
1.1661
1.1581
1.1649
1.1703
1.1710
1.1725
1.1740
1.1786
1.1768
1.1798
1.1713
1.1826
1.1795
1.1841
1.1752
1.1758
1.1761
1.1807
1.1752
1.1771
1.1700
1.1774
1.1664
1.1713
1.1658
1.1694
1.1688
1.1655
1.1722
1.1703
1.1630
1.1609
1.1652
1.1630
1.1563
1.1621
1.1578
1.1621
1.1633
1.1578
1.1569
1.1588
1.1670
1.1670
1.1685
1.1615
1.1612
1.1713
1.1725
1.1752
1.1673
1.1652
1.1761
1.1682
1.1777
1.1740
1.1777
1.1688
1.1697
1.1725
1.1700
1.1703
1.1719
1.1670
1.1737
1.1691
1.1658
1.1716
1.1682
1.1728
1.1755
1.1691
1.1731
1.1722
1.1765
1.1719
1.1673
1.1685
1.1667
1.1694
1.1594
1.1633
1.1594
1.1636
1.1642
1.1642
1.1627
1.1572
1.1569
1.1572
1.1627
1.1627
1.1560
1.1621
1.1594
1.1566
1.1572
1.1597
1.1584
1.1673
1.1618
1.1731
1.1655
1.1728
1.1673
1.1713
1.1673
1.1743
1.1746
1.1743
1.1719
1.1755
1.1710
1.1703
1.1673
1.1655
1.1661
1.1621
1.1618
1.1676
1.1755
1.1667
1.1578
1.1667
1.1667
1.1575
1.1591
1.1600
1.1630
1.1636
1.1685
1.1694
1.1707
1.1694
1.1682
1.1710
1.1627
1.1633
1.1615
1.1716
1.1609
1.1630
1.1685
1.1594
1.1682
1.1612
1.1581
1.1682
1.1679
1.1685
1.1664
1.1636
1.1664
1.1649
1.1670
1.1716
1.1728
1.1694
1.1746
1.1728
1.1694
1.1734
1.1761
1.1722
1.1740
1.1682
1.1716
1.1725
1.1734
1.1700
1.1728
1.1691
1.1710
1.1676
1.1603
1.1609
1.1649
1.1578
1.1633
1.1557
1.1615
1.1658
1.1658
1.1688
1.1664
1.1673
1.1758
1.1725
1.1737
1.1835
1.1777
1.1783
1.1761
1.1786
1.1829
1.1755
1.1679
1.1804
1.1722
1.1810
1.1676
1.1664
1.1661
1.1780
1.1722
1.1707
1.1780
1.1743
1.1792
1.1771
1.1801
1.1795
1.1734
1.1710
1.1749
1.1667
1.1768
1.1780
1.1752
1.1758
1.1670
1.1694
1.1761
1.1658
1.1612
1.1655
1.1688
1.1703
1.1578
1.1560
1.1655
1.1615
1.1536
1.1530
1.1591
1.1606
1.1514
1.1536
1.1569
1.1572
1.1530
1.1542
1.1548
1.1505
1.1536
1.1511
1.1523
1.1490
1.1572
1.1493
1.1572
1.1517
1.1526
1.1496
1.1572
1.1523
1.1530
1.1584
1.1563
1.1624
1.1514
1.1606
1.1612
1.1621
1.1606
1.1636
1.1606
1.1639
1.1545
1.1578
1.1545
1.1557
1.1539
1.1636
1.1636
1.1575
1.1594
1.1575
1.1655
1.1609
1.1581
1.1649
1.1652
1.1679
1.1642
1.1713
1.1722
1.1642
1.1722
1.1713
1.1679
1.1737
1.1765
1.1725
1.1789
1.1707
1.1731
1.1703
1.1761
1.1780
1.1755
1.1761
1.1649
1.1743
1.1722
1.1615
1.1615
1.1694
1.1652
1.1679
1.1633
1.1630
1.1688
1.1633
1.1697
1.1652
1.1670
1.1603
1.1661
1.1649
1.1569
1.1624
1.1591
1.1554
1.1615
1.1578
1.1621
1.1682
1.1621
1.1707
1.1697
1.1621
1.1710
1.1679
1.1725
1.1710
1.1719
1.1728
1.1697
1.1710
1.1700
1.1627
1.1664
