0.5429
0.5328
0.5347
0.5389
0.5359
0.5429
0.5414
0.5353
0.5396
0.5399
0.5435
0.5353
0.5408
0.5380
0.5322
0.5338
0.5417
0.5328
0.5359
0.5383
0.5402
0.5338
0.5383
0.5402
0.5408
0.5338
0.5362
0.5420
0.5365
0.5402
0.5365
0.5338
0.5450
0.5414
0.5414
0.5423
0.5334
0.5377
0.5353
0.5435
0.5411
0.5356
0.5331
0.5420
0.5411
0.5371
0.5417
0.5374
0.5392
0.5301
0.5405
0.5322
0.5347
0.5331
0.5389
0.5328
0.5331
0.5377
0.5380
0.5347
0.5392
0.5414
0.5411
0.5350
0.5377
0.5304
0.5338
0.5310
0.5377
0.5411
0.5350
0.5405
0.5341
0.5389
0.5338
0.5402
0.5295
0.5402
0.5325
0.5371
0.5383
0.5289
0.5322
0.5359
0.5405
0.5310
0.5365
0.5402
0.5341
0.5298
0.5344
0.5319
0.5322
0.5341
0.5325
0.5301
0.5408
0.5411
0.5356
0.5347
0.5411
0.5356
0.5383
0.5319
0.5435
0.5359
0.5399
0.5307
0.5429
0.5389
0.5371
0.5389
0.5344
0.5396
0.5420
0.5356
0.5405
0.5432
0.5365
0.5438
0.5426
0.5328
0.5417
0.5414
0.5371
0.5386
0.5289
0.5402
0.5411
0.5414
0.5377
0.5301
0.5356
0.5328
0.5313
0.5411
0.5350
0.5414
0.5408
0.5334
0.5286
0.5341
0.5334
0.5417
0.5368
0.5396
0.5411
0.5356
0.5331
0.5374
0.5411
0.5310
0.5338
0.5365
0.5396
0.5386
0.5322
0.5334
0.5405
0.5396
0.5334
0.5405
0.5362
0.5362
0.5325
0.5396
0.5420
0.5328
0.5338
0.5414
0.5396
0.5371
0.5325
0.5356
0.5338
0.5392
0.5344
0.5411
0.5435
0.5368
0.5432
0.5362
0.5417
0.5392
0.5328
0.5368
0.5383
0.5389
0.5334
0.5301
0.5322
0.5405
0.5396
0.5402
0.5426
0.5338
0.5411
0.5420
0.5362
0.5319
0.5374
0.5420
0.5423
0.5338
0.5405
0.5408
0.5402
0.5408
0.5353
0.5420
0.5322
0.5402
0.5432
0.5344
0.5408
0.5325
0.5414
0.5362
0.5408
0.5402
0.5399
0.5399
0.5344
0.5420
0.5374
0.5377
0.5325
0.5356
0.5356
0.5423
0.5310
0.5350
0.5353
0.5417
0.5319
0.5347
0.5411
0.5399
0.5414
0.5313
0.5307
0.5392
0.5341
0.5368
0.5353
0.5426
0.5344
0.5319
0.5408
0.5380
0.5368
0.5405
0.5402
0.5392
0.5420
0.5350
0.5408
0.5347
0.5423
0.5350
0.5313
0.5359
0.5392
0.5389
0.5432
0.5331
0.5322
0.5377
0.5356
0.5374
0.5325
0.5447
0.5347
0.5344
0.5405
0.5435
0.5386
0.5371
0.5350
0.5429
0.5347
0.5392
0.5420
0.5420
0.5353
0.5420
0.5362
0.5408
0.5353
0.5328
0.5307
0.5414
0.5420
0.5353
0.5417
0.5505
0.5383
0.5362
0.5405
0.5414
0.5347
0.5392
0.5341
0.5334
0.5356
0.5334
0.5389
0.5371
0.5408
0.5432
0.5347
0.5344
0.5426
0.5392
0.5396
0.5374
0.5325
0.5368
0.5408
0.5414
0.5356
0.5435
0.5438
0.5399
0.5435
0.5383
0.5423
0.5356
0.5435
0.5365
0.5371
0.5389
0.5359
0.5396
0.5325
0.5331
0.5441
0.5328
0.5429
0.5325
0.5438
0.5426
0.5331
0.5359
0.5420
0.5298
0.5399
0.5341
0.5368
0.5405
0.5435
0.5399
0.5447
0.5423
0.5417
0.5377
0.5377
0.5399
0.5399
0.5411
0.5374
0.5377
0.5325
0.5383
0.5319
0.5319
0.5362
0.5399
0.5392
0.5408
0.5316
0.5402
0.5380
0.5322
0.5328
0.5396
0.5322
0.5334
0.5338
0.5331
0.5383
0.5377
0.5411
0.5341
0.5383
0.5319
0.5414
0.5429
0.5328
0.5338
0.5380
0.5392
0.5408
0.5347
0.5383
0.5377
0.5338
0.5408
0.5429
0.5350
0.5353
0.5432
0.5331
0.5414
0.5338
0.5386
0.5380
0.5328
0.5338
0.5344
0.5356
0.5435
0.5426
0.5438
0.5322
0.5362
0.5347
0.5429
0.5380
0.5426
0.5429
0.5417
0.5420
0.5435
0.5408
0.5347
0.5420
0.5411
0.5423
0.5420
0.5359
0.5359
0.5414
0.5377
0.5411
0.5322
0.5432
0.5371
0.5353
0.5429
0.5392
0.5420
0.5426
0.5417
0.5322
0.5338
0.5374
0.5359
0.5356
0.5347
0.5353
0.5338
0.5344
0.5377
0.5389
0.5402
0.5399
0.5429
0.5399
0.5344
0.5383
0.5396
0.5399
0.5362
0.5414
0.5444
0.5331
0.5344
0.5423
0.5319
0.5362
0.5368
0.5411
0.5365
0.5399
0.5402
0.5371
0.5417
0.5432
0.5399
0.5383
0.5328
0.5322
0.5316
0.5371
0.5411
0.5414
0.5359
0.5417
0.5426
0.5423
0.5374
0.5353
0.5341
0.5325
0.5347
0.5417
0.5374
0.5347
0.5383
0.5334
0.5344
0.5371
0.5359
0.5438
0.5432
0.5432
0.5432
0.5444
0.5362
0.5405
0.5399
0.5377
0.5377
0.5402
0.5420
0.5386
0.5402
0.5374
0.5371
0.5408
0.5377
0.5411
0.5435
0.5328
0.5402
0.5392
0.5365
0.5429
0.5429
0.5405
0.5414
0.5365
0.5405
0.5365
0.5411
0.5356
0.5408
0.5362
0.5338
0.5411
0.5356
0.5298
0.5386
0.5301
0.5322
0.5350
0.5402
0.5353
0.5368
0.5334
0.5292
0.5338
0.5328
0.5405
0.5313
0.5344
0.5402
0.5402
0.5420
0.5334
0.5322
0.5405
0.5411
0.5322
0.5453
0.5396
0.5344
0.5350
0.5331
0.5347
0.5405
0.5310
0.5304
0.5341
0.5420
0.5405
0.5331
0.5377
0.5386
0.5325
0.5408
0.5325
0.5347
0.5350
0.5325
0.5399
0.5328
0.5389
0.5328
0.5380
0.5350
0.5325
0.5365
0.5328
0.5331
0.5402
0.5331
0.5380
0.5396
0.5344
0.5344
0.5411
0.5331
0.5392
0.5344
0.5423
0.5319
0.5402
0.5319
0.5338
0.5377
0.5389
0.5411
0.5328
0.5322
0.5322
0.5338
0.5396
0.5356
0.5350
0.5313
0.5411
0.5322
0.5414
0.5359
0.5414
0.5396
0.5359
0.5331
0.5310
0.5380
0.5414
0.5374
0.5347
0.5353
0.5432
0.5426
0.5350
0.5432
0.5417
0.5423
0.5344
0.5411
0.5402
0.5365
0.5307
0.5341
0.5389
0.5359
0.5371
0.5350
0.5341
0.5362
0.5380
0.5420
0.5338
0.5307
0.5338
0.5380
0.5338
0.5414
0.5322
0.5420
0.5399
0.5380
0.5377
0.5338
0.5350
0.5322
0.5405
0.5402
0.5420
0.5319
0.5371
0.5399
0.5383
0.5365
0.5350
0.5350
0.5405
0.5392
0.5414
0.5396
0.5396
0.5347
0.5426
0.5435
0.5423
0.5402
0.5402
0.5417
0.5411
0.5334
0.5374
0.5429
0.5402
0.5444
0.5438
0.5377
0.5350
0.5408
0.5444
0.5383
0.5411
0.5383
0.5426
0.5362
0.5399
0.5426
0.5429
0.5359
0.5307
0.5386
0.5365
0.5359
0.5325
0.5350
0.5371
0.5341
0.5426
0.5319
0.5362
0.5399
0.5426
0.5420
0.5356
0.5316
0.5389
0.5362
0.5402
0.5447
0.5362
0.5353
0.5429
0.5328
0.5417
0.5450
0.5396
0.5383
0.5414
0.5356
0.5399
0.5371
0.5411
0.5423
0.5338
0.5365
0.5423
0.5331
0.5420
0.5374
0.5411
0.5347
0.5374
0.5408
0.5341
0.5338
0.5325
0.5322
0.5405
0.5399
0.5414
0.5377
0.5408
0.5356
0.5334
0.5377
0.5356
0.5389
0.5331
0.5399
0.5344
0.5396
0.5362
0.5402
0.5399
0.5392
0.5344
0.5325
0.5325
0.5353
0.5411
0.5334
0.5380
0.5298
0.5414
0.5396
0.5359
0.5362
0.5417
0.5313
0.5365
0.5417
0.5414
0.5396
0.5411
0.5353
0.5328
0.5392
0.5307
0.5334
0.5371
0.5392
0.5399
0.5408
0.5414
0.5331
0.5408
0.5386
0.5350
0.5359
0.5414
0.5338
0.5426
0.5420
0.5402
0.5444
0.5396
0.5380
0.5353
0.5353
0.5350
0.5368
0.5389
0.5411
0.5350
0.5344
0.5429
0.5389
0.5334
0.5423
0.5313
0.5353
0.5368
0.5377
0.5368
0.5417
0.5356
0.5405
0.5356
0.5365
0.5383
0.5386
0.5432
0.5420
0.5438
0.5341
0.5359
0.5444
0.5374
0.5432
0.5444
0.5325
0.5429
0.5389
0.5307
0.5414
0.5399
0.5344
0.5334
0.5344
0.5432
0.5338
0.5414
0.5313
0.5310
0.5414
0.5402
0.5371
0.5313
0.5377
0.5423
0.5396
0.5411
0.5322
0.5405
0.5408
0.5389
0.5402
0.5325
0.5365
0.5325
0.5423
0.5301
0.5328
0.5380
0.5414
0.5365
0.5374
0.5402
0.5374
0.5402
0.5420
0.5429
0.5389
0.5304
0.5304
0.5347
0.5420
0.5344
0.5322
0.5389
0.5286
0.5402
0.5334
0.5289
0.5310
0.5371
0.5371
0.5389
0.5359
0.5307
0.5356
0.5405
0.5371
0.5386
0.5331
0.5310
0.5316
0.5402
0.5383
0.5399
0.5383
0.5322
0.5307
0.5325
0.5310
0.5405
0.5389
0.5408
0.5389
0.5362
0.5362
0.5411
0.5347
0.5414
0.5411
0.5411
0.5295
0.5408
0.5304
0.5389
0.5338
0.5402
0.5392
0.5399
0.5344
0.5389
0.5408
0.5350
0.5396
0.5316
0.5389
0.5328
0.5392
0.5344
0.5334
0.5380
0.5426
0.5408
0.5411
0.5295
0.5307
0.5371
0.5426
0.5344
0.5426
0.5325
0.5405
0.5334
0.5371
0.5408
0.5411
0.5325
0.5386
0.5408
0.5389
0.5331
0.5408
0.5338
0.5438
0.5402
0.5423
0.5423
0.5377
0.5322
0.5432
0.5338
0.5417
0.5396
0.5356
0.5414
0.5344
0.5423
0.5316
0.5399
0.5408
0.5359
0.5377
0.5350
0.5411
0.5414
0.5389
0.5423
0.5383
0.5338
0.5310
0.5353
0.5389
0.5295
0.5325
0.5411
0.5411
0.5371
0.5402
0.5322
0.5380
0.5429
0.5310
0.5386
0.5414
0.5344
0.5331
0.5399
0.5386
0.5414
0.5392
0.5414
0.5405
0.5435
0.5371
0.5338
0.5347
0.5365
0.5374
0.5383
0.5310
0.5325
0.5426
0.5374
0.5356
0.5341
0.5396
0.5417
0.5350
0.5362
0.5411
0.5353
0.5414
0.5417
0.5322
0.5399
0.5392
0.5347
0.5313
0.5362
0.5414
0.5316
0.5411
0.5319
0.5417
0.5341
0.5365
0.5402
0.5353
0.5371
0.5322
0.5380
0.5338
0.5405
0.5383
0.5325
0.5389
0.5338
0.5338
0.5325
0.5359
0.5334
0.5334
0.5362
0.5423
0.5386
0.5307
0.5341
0.5411
0.5386
0.5396
0.5344
0.5310
0.5389
0.5341
0.5338
0.5362
0.5362
0.5402
0.5414
0.5405
0.5399
0.5307
0.5356
0.5386
0.5423
0.5365
0.5359
0.5341
0.5383
0.5356
0.5392
0.5411
0.5338
0.5408
0.5347
0.5328
0.5331
0.5341
0.5301
0.5408
0.5377
0.5328
0.5350
0.5341
0.5392
0.5359
0.5380
0.5374
0.5383
0.5417
0.5386
0.5432
0.5429
0.5341
0.5402
0.5383
0.5423
0.5322
0.5405
0.5392
0.5420
0.5426
0.5344
0.5444
0.5423
0.5359
0.5341
0.5368
0.5423
0.5405
0.5383
0.5441
0.5402
0.5371
0.5414
0.5429
0.5414
0.5338
0.5426
0.5365
0.5359
0.5359
0.5429
0.5353
0.5396
0.5365
0.5325
0.5341
0.5383
0.5417
0.5426
0.5414
0.5423
0.5417
0.5319
0.5414
0.5344
0.5432
0.5399
0.5374
0.5432
0.5432
0.5423
0.5435
0.5310
0.5396
0.5426
0.5383
0.5365
0.5420
0.5380
0.5344
0.5341
0.5328
0.5374
0.5331
0.5356
0.5322
0.5392
0.5417
0.5426
0.5325
0.5396
0.5386
0.5405
0.5353
0.5374
0.5423
0.5362
0.5377
0.5423
0.5432
0.5426
0.5444
0.5423
0.5380
0.5402
0.5438
0.5435
0.5408
0.5344
0.5435
0.5411
0.5341
0.5386
0.5438
0.5368
0.5396
0.5402
0.5396
0.5444
0.5408
0.5441
0.5377
0.5414
0.5408
0.5356
0.5399
0.5435
0.5350
0.5362
0.5350
0.5420
0.5423
0.5396
0.5371
0.5438
0.5350
0.5432
0.5365
0.5408
0.5350
0.5396
0.5350
0.5389
0.5374
0.5423
0.5350
0.5322
0.5420
0.5359
0.5396
0.5362
0.5396
0.5338
0.5347
0.5392
0.5405
0.5396
0.5423
0.5341
0.5347
0.5344
0.5408
0.5399
0.5359
0.5411
0.5411
0.5362
0.5295
0.5414
0.5392
0.5405
0.5386
0.5402
0.5399
0.5396
0.5399
0.5399
0.5374
0.5383
0.5319
0.5334
0.5389
0.5377
0.5316
0.5328
0.5405
0.5377
0.5307
0.5389
0.5414
0.5362
0.5408
0.5328
0.5359
0.5417
0.5371
0.5399
0.5322
0.5389
0.5347
0.5331
0.5350
0.5405
0.5380
0.5399
0.5411
0.5408
0.5353
0.5353
0.5380
0.5389
0.5319
0.5356
0.5374
0.5417
0.5411
0.5365
0.5313
0.5359
0.5347
0.5328
0.5411
0.5399
0.5420
0.5426
0.5380
0.5325
0.5377
0.5411
0.5353
0.5411
0.5371
0.5426
0.5359
0.5368
0.5365
0.5341
0.5359
0.5405
0.5438
0.5380
0.5347
0.5368
0.5399
0.5389
0.5383
0.5396
0.5426
0.5399
0.5380
0.5350
0.5429
0.5420
0.5341
0.5405
0.5426
0.5365
0.5359
0.5426
0.5365
0.5396
0.5371
0.5350
0.5399
0.5371
0.5304
0.5350
0.5350
0.5331
0.5432
0.5371
0.5356
0.5331
0.5325
0.5383
0.5423
0.5338
0.5331
0.5408
0.5420
0.5380
0.5338
0.5420
0.5334
0.5429
0.5386
0.5334
0.5319
0.5334
0.5417
0.5356
0.5396
0.5344
0.5344
0.5408
0.5341
0.5432
0.5356
0.5344
0.5444
0.5408
0.5411
0.5429
0.5365
0.5331
0.5426
0.5322
0.5426
0.5438
0.5423
0.5365
0.5389
0.5362
0.5426
0.5347
0.5420
0.5325
0.5438
0.5414
0.5414
0.5383
0.5350
0.5356
0.5432
0.5338
0.5414
0.5338
0.5417
0.5389
0.5322
0.5338
0.5402
0.5344
0.5371
0.5334
0.5414
0.5359
0.5334
0.5414
0.5417
0.5331
0.5411
0.5386
0.5420
0.5411
0.5325
0.5392
0.5338
0.5408
0.5383
0.5380
0.5304
0.5347
0.5405
0.5365
0.5420
0.5359
0.5322
0.5328
0.5429
0.5365
0.5405
0.5435
0.5396
0.5371
0.5417
0.5435
0.5341
0.5420
0.5344
0.5396
0.5432
0.5386
0.5368
0.5347
0.5435
0.5405
0.5365
0.5365
0.5447
0.5344
0.5423
0.5429
0.5426
0.5408
0.5347
0.5325
0.5408
0.5411
0.5350
0.5386
0.5405
