0.7346
0.7263
0.7339
0.7376
0.7269
0.7306
0.7297
0.7318
0.7376
0.7300
0.7352
0.7336
0.7294
0.7367
0.7367
0.7297
0.7309
0.7327
0.7373
0.7355
0.7367
0.7373
0.7388
0.7336
0.7333
0.7376
0.7330
0.7330
0.7333
0.7306
0.7285
0.7373
0.7281
0.7257
0.7355
0.7285
0.7352
0.7312
0.7364
0.7281
0.7327
0.7352
0.7303
0.7361
0.7266
0.7327
0.7236
0.7239
0.7333
0.7306
0.7227
0.7230
0.7224
0.7275
0.7214
0.7275
0.7275
0.7230
0.7257
0.7321
0.7220
0.7211
0.7324
0.7266
0.7309
0.7266
0.7352
0.7245
0.7321
0.7272
0.7288
0.7376
0.7339
0.7349
0.7321
0.7312
0.7361
0.7355
0.7373
0.7297
0.7339
0.7385
0.7303
0.7385
0.7385
0.7379
0.7364
0.7303
0.7352
0.7318
0.7306
0.7278
0.7382
0.7300
0.7297
0.7364
0.7281
0.7278
0.7278
0.7291
0.7364
0.7312
0.7367
0.7358
0.7376
0.7260
0.7358
0.7355
0.7346
0.7306
0.7364
0.7281
0.7364
0.7370
0.7373
0.7278
0.7361
0.7297
0.7297
0.7291
0.7306
0.7364
0.7355
0.7361
0.7352
0.7300
0.7352
0.7352
0.7339
0.7327
0.7309
0.7291
0.7272
0.7309
0.7364
0.7309
0.7291
0.7355
0.7312
0.7306
0.7361
0.7300
0.7278
0.7349
0.7401
0.7355
0.7391
0.7312
0.7336
0.7343
0.7370
0.7291
0.7312
0.7382
0.7330
0.7367
0.7382
0.7288
0.7394
0.7306
0.7358
0.7306
0.7346
0.7413
0.7300
0.7367
0.7318
0.7373
0.7367
0.7361
0.7382
0.7376
0.7352
0.7349
0.7330
0.7367
0.7300
0.7373
0.7336
0.7318
0.7394
0.7376
0.7321
0.7324
0.7385
0.7303
0.7358
0.7382
0.7312
0.7291
0.7324
0.7260
0.7254
0.7315
0.7257
0.7370
0.7294
0.7355
0.7376
0.7355
0.7352
0.7303
0.7370
0.7339
0.7309
0.7370
0.7373
0.7343
0.7376
0.7318
0.7346
0.7242
0.7343
0.7306
0.7330
0.7275
0.7352
0.7272
0.7278
0.7343
0.7275
0.7266
0.7339
0.7288
0.7327
0.7263
0.7251
0.7242
0.7297
0.7294
0.7242
0.7324
0.7281
0.7260
0.7248
0.7227
0.7288
0.7285
0.7242
0.7285
0.7297
0.7336
0.7309
0.7324
0.7254
0.7324
0.7272
0.7327
0.7339
0.7321
0.7324
0.7272
0.7278
0.7327
0.7245
0.7330
0.7248
0.7269
0.7300
0.7266
0.7251
0.7260
0.7278
0.7275
0.7336
0.7339
0.7355
0.7297
0.7327
0.7260
0.7336
0.7315
0.7349
0.7349
0.7352
0.7257
0.7333
0.7327
0.7364
0.7275
0.7361
0.7263
0.7269
0.7309
0.7269
0.7339
0.7297
0.7349
0.7327
0.7303
0.7358
0.7382
0.7352
0.7294
0.7376
0.7376
0.7324
0.7358
0.7394
0.7324
0.7376
0.7352
0.7312
0.7376
0.7312
0.7358
0.7407
0.7388
0.7355
0.7376
0.7300
0.7300
0.7382
0.7385
0.7376
0.7291
0.7309
0.7291
0.7263
0.7333
0.7278
0.7257
0.7269
0.7297
0.7327
0.7275
0.7239
0.7358
0.7239
0.7263
0.7285
0.7303
0.7297
0.7336
0.7346
0.7336
0.7324
0.7324
0.7278
0.7266
0.7339
0.7321
0.7336
0.7346
0.7343
0.7278
0.7336
0.7254
0.7248
0.7272
0.7339
0.7291
0.7300
0.7239
0.7239
0.7297
0.7343
0.7355
0.7352
0.7358
0.7352
0.7324
0.7343
0.7251
0.7297
0.7275
0.7349
0.7300
0.7358
0.7285
0.7346
0.7294
0.7315
0.7343
0.7339
0.7361
0.7333
0.7281
0.7278
0.7248
0.7275
0.7309
0.7239
0.7315
0.7358
0.7346
0.7272
0.7294
0.7352
0.7294
0.7364
0.7303
0.7269
0.7281
0.7297
0.7272
0.7349
0.7297
0.7355
0.7315
0.7281
0.7285
0.7272
0.7327
0.7300
0.7263
0.7367
0.7376
0.7373
0.7379
0.7272
0.7294
0.7352
0.7309
0.7266
0.7303
0.7281
0.7373
0.7385
0.7373
0.7297
0.7349
0.7361
0.7336
0.7373
0.7300
0.7339
0.7312
0.7300
0.7373
0.7373
0.7346
0.7257
0.7373
0.7364
0.7291
0.7346
0.7382
0.7336
0.7309
0.7361
0.7294
0.7288
0.7379
0.7257
0.7312
0.7349
0.7324
0.7291
0.7242
0.7333
0.7236
0.7275
0.7248
0.7327
0.7245
0.7336
0.7278
0.7254
0.7358
0.7330
0.7297
0.7327
0.7312
0.7352
0.7333
0.7263
0.7346
0.7285
0.7352
0.7361
0.7339
0.7373
0.7333
0.7339
0.7373
0.7355
0.7288
0.7321
0.7330
0.7330
0.7294
0.7275
0.7300
0.7370
0.7275
0.7309
0.7327
0.7275
0.7315
0.7324
0.7278
0.7370
0.7297
0.7370
0.7339
0.7300
0.7370
0.7312
0.7309
0.7306
0.7339
0.7343
0.7385
0.7355
0.7410
0.7327
0.7358
0.7339
0.7413
0.7361
0.7394
0.7300
0.7291
0.7324
0.7401
0.7404
0.7327
0.7336
0.7376
0.7385
0.7391
0.7379
0.7352
0.7336
0.7278
0.7382
0.7367
0.7382
0.7327
0.7288
0.7355
0.7275
0.7364
0.7272
0.7306
0.7355
0.7324
0.7306
0.7336
0.7285
0.7352
0.7364
0.7379
0.7288
0.7349
0.7364
0.7303
0.7275
0.7376
0.7343
0.7318
0.7373
0.7291
0.7373
0.7358
0.7367
0.7376
0.7361
0.7291
0.7346
0.7336
0.7367
0.7343
0.7242
0.7358
0.7257
0.7327
0.7352
0.7346
0.7254
0.7281
0.7278
0.7257
0.7275
0.7278
0.7251
0.7269
0.7352
0.7364
0.7269
0.7339
0.7291
0.7364
0.7309
0.7303
0.7355
0.7291
0.7318
0.7297
0.7294
0.7370
0.7330
0.7382
0.7324
0.7370
0.7367
0.7288
0.7281
0.7370
0.7333
0.7379
0.7355
0.7352
0.7275
0.7330
0.7364
0.7309
0.7370
0.7291
0.7318
0.7242
0.7300
0.7315
0.7352
0.7294
0.7361
0.7275
0.7306
0.7251
0.7358
0.7278
0.7260
0.7251
0.7294
0.7343
0.7346
0.7281
0.7294
0.7242
0.7346
0.7358
0.7248
0.7336
0.7327
0.7294
0.7306
0.7343
0.7358
0.7358
0.7288
0.7336
0.7288
0.7349
0.7355
0.7294
0.7333
0.7336
0.7269
0.7336
0.7373
0.7309
0.7376
0.7364
0.7373
0.7312
0.7391
0.7300
0.7339
0.7336
0.7370
0.7278
0.7349
0.7330
0.7315
0.7379
0.7315
0.7318
0.7361
0.7309
0.7300
0.7306
0.7312
0.7352
0.7309
0.7321
0.7379
0.7379
0.7376
0.7321
0.7321
0.7330
0.7382
0.7346
0.7397
0.7288
0.7327
0.7382
0.7327
0.7346
0.7315
0.7385
0.7370
0.7281
0.7297
0.7263
0.7336
0.7367
0.7385
0.7361
0.7339
0.7297
0.7306
0.7257
0.7281
0.7303
0.7297
0.7355
0.7364
0.7336
0.7346
0.7291
0.7364
0.7333
0.7370
0.7294
0.7367
0.7309
0.7300
0.7388
0.7343
0.7288
0.7291
0.7370
0.7376
0.7278
0.7272
0.7303
0.7318
0.7373
0.7300
0.7294
0.7281
0.7266
0.7281
0.7266
0.7339
0.7327
0.7339
0.7272
0.7330
0.7288
0.7291
0.7343
0.7312
0.7278
0.7297
0.7242
0.7263
0.7349
0.7324
0.7343
0.7300
0.7324
0.7349
0.7367
0.7327
0.7358
0.7288
0.7324
0.7263
0.7300
0.7355
0.7294
0.7285
0.7339
0.7275
0.7303
0.7370
0.7364
0.7288
0.7285
0.7278
0.7343
0.7355
0.7300
0.7275
0.7281
0.7330
0.7288
0.7364
0.7263
0.7285
0.7379
0.7324
0.7300
0.7373
0.7336
0.7352
0.7388
0.7388
0.7333
0.7306
0.7370
0.7397
0.7401
0.7379
0.7309
0.7318
0.7394
0.7330
0.7407
0.7410
0.7376
0.7379
0.7300
0.7364
0.7397
0.7394
0.7361
0.7379
0.7315
0.7309
0.7385
0.7303
0.7291
0.7336
0.7269
0.7330
0.7318
0.7367
0.7324
0.7330
0.7312
0.7361
0.7306
0.7306
0.7361
0.7291
0.7309
0.7306
0.7318
0.7281
0.7343
0.7330
0.7245
0.7315
0.7352
0.7303
0.7288
0.7324
0.7306
0.7327
0.7364
0.7376
0.7355
0.7339
0.7303
0.7278
0.7358
0.7358
0.7364
0.7291
0.7306
0.7294
0.7318
0.7358
0.7343
0.7373
0.7278
0.7382
0.7364
0.7373
0.7370
0.7388
0.7333
0.7397
0.7339
0.7278
0.7336
0.7385
0.7327
0.7312
0.7281
0.7309
0.7391
0.7379
0.7269
0.7352
0.7376
0.7275
0.7312
0.7291
0.7260
0.7260
0.7272
0.7297
0.7300
0.7370
0.7355
0.7343
0.7336
0.7361
0.7367
0.7382
0.7272
0.7275
0.7315
0.7346
0.7260
0.7309
0.7379
0.7343
0.7370
0.7352
0.7361
0.7382
0.7303
0.7358
0.7397
0.7358
0.7370
0.7391
0.7306
0.7367
0.7346
0.7321
0.7358
0.7315
0.7288
0.7367
0.7312
0.7291
0.7315
0.7355
0.7364
0.7315
0.7352
0.7358
0.7306
0.7294
0.7352
0.7321
0.7343
0.7275
0.7312
0.7346
0.7318
0.7294
0.7220
0.7306
0.7306
0.7352
0.7343
0.7303
0.7364
0.7333
0.7373
0.7330
0.7397
0.7327
0.7394
0.7321
0.7346
0.7339
0.7394
0.7379
0.7382
0.7312
0.7388
0.7352
0.7315
0.7358
0.7385
0.7309
0.7397
0.7278
0.7303
0.7370
0.7370
0.7358
0.7300
0.7373
0.7385
0.7370
0.7376
0.7266
0.7272
0.7324
0.7327
0.7315
0.7327
0.7388
0.7333
0.7370
0.7367
0.7373
0.7376
0.7303
0.7315
0.7306
0.7349
0.7297
0.7330
0.7324
0.7315
0.7297
0.7309
0.7358
0.7352
0.7303
0.7382
0.7291
0.7355
0.7349
0.7352
0.7343
0.7272
0.7373
0.7297
0.7327
0.7294
0.7288
0.7358
0.7248
0.7288
0.7263
0.7370
0.7379
0.7373
0.7294
0.7336
0.7306
0.7346
0.7309
0.7278
0.7379
0.7309
0.7343
0.7288
0.7306
0.7343
0.7373
0.7303
0.7355
0.7315
0.7324
0.7376
0.7379
0.7343
0.7385
0.7294
0.7397
0.7333
0.7343
0.7388
0.7336
0.7404
0.7404
0.7407
0.7413
0.7388
0.7333
0.7364
0.7336
0.7397
0.7413
0.7391
0.7349
0.7309
0.7413
0.7349
0.7324
0.7358
0.7425
0.7343
0.7431
0.7339
0.7324
0.7343
0.7388
0.7361
0.7379
0.7401
0.7315
0.7385
0.7385
0.7370
0.7330
0.7364
0.7339
0.7312
0.7373
0.7352
0.7294
0.7269
0.7315
0.7291
0.7275
0.7339
0.7339
0.7254
0.7339
0.7251
0.7254
0.7327
0.7260
0.7266
0.7327
0.7333
0.7208
0.7275
0.7278
0.7291
0.7333
0.7324
0.7285
0.7263
0.7324
0.7285
0.7281
0.7333
0.7309
0.7352
0.7281
0.7315
0.7343
0.7248
0.7309
0.7272
0.7339
0.7343
0.7333
0.7288
0.7254
0.7275
0.7266
0.7318
0.7285
0.7321
0.7346
0.7358
0.7272
0.7278
0.7333
0.7315
0.7278
0.7291
0.7288
0.7361
0.7309
0.7266
0.7339
0.7376
0.7364
0.7358
0.7294
0.7309
0.7330
0.7285
0.7346
0.7309
0.7358
0.7275
0.7349
0.7336
0.7300
0.7343
0.7281
0.7327
0.7349
0.7346
0.7254
0.7251
0.7251
0.7361
0.7330
0.7269
0.7315
0.7355
0.7300
0.7281
0.7376
0.7312
0.7306
0.7333
0.7312
0.7410
0.7379
0.7404
0.7407
0.7324
0.7373
0.7346
0.7364
0.7410
0.7410
0.7391
0.7394
0.7358
0.7294
0.7309
0.7382
0.7397
0.7285
0.7303
0.7297
0.7361
0.7269
0.7346
0.7346
0.7266
0.7355
0.7361
0.7260
0.7263
0.7343
0.7260
0.7275
0.7327
0.7242
0.7330
0.7330
0.7281
0.7309
0.7361
0.7343
0.7324
0.7355
0.7330
0.7382
0.7336
0.7346
0.7330
0.7303
0.7312
0.7373
0.7379
0.7382
0.7312
0.7300
0.7376
0.7391
0.7321
0.7376
0.7358
0.7315
0.7291
0.7391
0.7358
0.7361
0.7333
0.7376
0.7294
0.7315
0.7361
0.7269
0.7263
0.7306
0.7300
0.7306
0.7278
0.7370
0.7306
0.7315
0.7303
0.7376
0.7306
0.7272
0.7303
0.7285
0.7327
0.7318
0.7281
0.7330
0.7330
0.7336
0.7367
0.7370
0.7358
0.7355
0.7336
0.7291
0.7361
0.7358
0.7309
0.7300
0.7352
0.7367
0.7349
0.7358
0.7324
0.7288
0.7260
0.7333
0.7309
0.7309
0.7300
0.7364
0.7321
0.7330
0.7291
0.7285
0.7333
0.7343
0.7358
0.7294
0.7364
0.7361
0.7312
0.7278
0.7361
0.7300
0.7324
0.7315
0.7373
0.7263
0.7355
0.7358
0.7260
0.7318
0.7315
0.7352
0.7294
0.7281
0.7300
0.7343
0.7361
0.7333
0.7333
0.7315
0.7367
0.7318
0.7318
0.7297
0.7336
0.7297
0.7285
0.7367
0.7330
0.7324
0.7288
0.7263
0.7324
0.7358
0.7300
0.7285
0.7364
0.7294
0.7272
0.7300
0.7343
0.7248
0.7364
0.7257
0.7330
0.7272
0.7343
0.7303
0.7358
0.7288
0.7343
0.7336
0.7260
0.7275
0.7336
0.7285
0.7275
0.7275
0.7297
0.7269
0.7376
0.7324
0.7291
0.7324
0.7254
0.7294
0.7297
0.7333
0.7336
0.7288
0.7251
0.7349
0.7336
0.7343
0.7339
0.7379
0.7269
0.7278
0.7309
0.7349
0.7370
0.7364
0.7330
0.7336
0.7281
0.7297
0.7373
0.7288
0.7358
0.7309
0.7336
0.7376
0.7388
0.7330
0.7394
0.7379
0.7327
0.7385
0.7413
0.7361
0.7336
0.7333
0.7352
0.7361
0.7318
0.7312
0.7419
0.7330
0.7413
0.7385
0.7367
0.7401
0.7333
0.7373
0.7324
0.7397
0.7318
0.7379
0.7404
0.7401
0.7349
0.7312
0.7373
0.7385
0.7327
0.7379
0.7315
0.7367
0.7385
0.7343
0.7327
0.7401
0.7327
0.7355
0.7312
0.7327
0.7278
0.7391
0.7410
0.7300
0.7346
0.7352
0.7291
0.7373
0.7330
0.7382
0.7394
0.7315
0.7379
0.7388
0.7309
0.7306
0.7394
0.7294
0.7321
0.7291
0.7382
0.7404
0.7382
0.7407
0.7303
0.7309
0.7346
0.7339
0.7358
0.7324
0.7343
0.7330
0.7288
0.7382
0.7309
0.7312
0.7379
0.7297
0.7388
0.7376
0.7382
0.7318
0.7373
0.7370
0.7358
0.7288
0.7281
0.7309
0.7382
0.7309
0.7373
0.7373
0.7275
0.7324
0.7404
0.7303
0.7388
0.7324
0.7327
0.7367
0.7376
0.7376
0.7394
0.7318
0.7394
