1.1954
1.2039
1.2012
1.1902
1.1987
1.1963
1.1935
1.1954
1.1987
1.1874
1.1877
1.1929
1.1948
1.1908
1.1914
1.1887
1.1929
1.1935
1.1960
1.1969
1.1987
1.1981
1.1993
1.2027
1.1984
1.2024
1.2079
1.2036
1.2091
1.2079
1.2109
1.2048
1.2021
1.2064
1.2045
1.2073
1.2082
1.2051
1.2073
1.2024
1.2070
1.1987
1.1963
1.1938
1.1978
1.2036
1.1948
1.1954
1.1993
1.1993
1.1951
1.1920
1.1905
1.1957
1.1954
1.1923
1.1957
1.1938
1.1893
1.1938
1.1877
1.1856
1.1908
1.1935
1.1923
1.1932
1.1899
1.1908
1.1844
1.1874
1.1926
1.1832
1.1932
1.1917
1.1816
1.1829
1.1874
1.1902
1.1807
1.1890
1.1823
1.1899
1.1896
1.1911
1.1798
1.1929
1.1844
1.1902
1.1917
1.1850
1.1823
1.1923
1.1871
1.1877
1.1923
1.1871
1.1899
1.1813
1.1832
1.1774
1.1865
1.1847
1.1859
1.1771
1.1768
1.1771
1.1789
1.1737
1.1807
1.1749
1.1737
1.1795
1.1758
1.1771
1.1792
1.1722
1.1780
1.1768
1.1728
1.1771
1.1700
1.1774
1.1737
1.1722
1.1789
1.1798
1.1725
1.1749
1.1823
1.1832
1.1761
1.1786
1.1850
1.1771
1.1734
1.1841
1.1816
1.1816
1.1826
1.1761
1.1826
1.1749
1.1758
1.1728
1.1789
1.1813
1.1810
1.1804
1.1816
1.1752
1.1792
1.1816
1.1746
1.1768
1.1792
1.1749
1.1780
1.1780
1.1810
1.1749
1.1856
1.1853
1.1856
1.1789
1.1850
1.1859
1.1795
1.1758
1.1829
1.1795
1.1774
1.1780
1.1771
1.1832
1.1768
1.1832
1.1819
1.1761
1.1792
1.1880
1.1890
1.1868
1.1829
1.1847
1.1792
1.1874
1.1829
1.1798
1.1795
1.1826
1.1823
1.1874
1.1856
1.1841
1.1884
1.1853
1.1880
1.1826
1.1896
1.1893
1.1816
1.1874
1.1890
1.1813
1.1874
1.1896
1.1783
1.1880
1.1880
1.1874
1.1795
1.1807
1.1768
1.1816
1.1743
1.1765
1.1795
1.1819
1.1725
1.1765
1.1804
1.1734
1.1801
1.1829
1.1807
1.1758
1.1810
1.1771
1.1719
1.1710
1.1755
1.1804
1.1771
1.1798
1.1810
1.1768
1.1798
1.1795
1.1719
1.1710
1.1786
1.1804
1.1798
1.1719
1.1761
1.1804
1.1792
1.1801
1.1780
1.1740
1.1816
1.1810
1.1819
1.1755
1.1761
1.1816
1.1792
1.1737
1.1835
1.1761
1.1792
1.1819
1.1734
1.1786
1.1713
1.1734
1.1795
1.1740
1.1798
1.1752
1.1807
1.1783
1.1816
1.1746
1.1780
1.1783
1.1786
1.1856
1.1890
1.1835
1.1847
1.1920
1.1856
1.1942
1.1880
1.1945
1.1948
1.1893
1.1896
1.1859
1.1905
1.1938
1.1856
1.1917
1.1923
1.1942
1.1966
1.1929
1.1978
1.1865
1.1920
1.1972
1.1978
1.1914
1.1993
1.1932
1.1929
1.1871
1.1905
1.1978
1.1957
1.1917
1.1926
1.1938
1.1954
1.2030
1.1942
1.1978
1.2006
1.2006
1.1987
1.1963
1.1954
1.1960
1.1920
1.1945
1.1893
1.1926
1.1929
1.1948
1.1896
1.1853
1.1911
1.1923
1.1819
1.1908
1.1893
1.1786
1.1847
1.1859
1.1792
1.1884
1.1786
1.1877
1.1868
1.1765
1.1865
1.1850
1.1856
1.1832
1.1801
1.1804
1.1798
1.1832
1.1807
1.1798
1.1813
1.1725
1.1819
1.1752
1.1813
1.1749
1.1826
1.1737
1.1758
1.1728
1.1807
1.1719
1.1816
1.1829
1.1734
1.1755
1.1774
1.1743
1.1865
1.1801
1.1856
1.1816
1.1813
1.1874
1.1932
1.1865
1.1871
1.1926
1.1917
1.1832
1.1887
1.1847
1.1884
1.1835
1.1844
1.1926
1.1856
1.1865
1.1819
1.1899
1.1838
1.1810
1.1914
1.1841
1.1850
1.1926
1.1841
1.1868
1.1911
1.1856
1.1908
1.1890
1.1877
1.1920
1.1850
1.1896
1.1826
1.1792
1.1905
1.1877
1.1942
1.1862
1.1887
1.1905
1.1978
1.1969
1.1884
1.1969
1.1948
1.1874
1.1923
1.1966
1.1902
1.1905
1.1847
1.1948
1.1902
1.1899
1.1850
1.1874
1.1899
1.1850
1.1926
1.1871
1.1917
1.1963
1.1963
1.1880
1.1963
1.1948
1.2015
1.1966
1.1963
1.1993
1.1969
1.2048
1.2070
1.2036
1.2109
1.2039
1.2018
1.2048
1.2051
1.2091
1.1987
1.2003
1.1990
1.1978
1.1954
1.1963
1.1957
1.1942
1.1969
1.1990
1.2012
1.1877
1.1975
1.1871
1.1932
1.1951
1.1929
1.1954
1.1905
1.1868
1.1853
1.1948
1.1935
1.1865
1.1884
1.1871
1.1887
1.1966
1.1847
1.1957
1.1884
1.1926
1.1856
1.1880
1.1899
1.1929
1.1884
1.1911
1.1899
1.1914
1.1856
1.1853
1.1853
1.1850
1.1859
1.1832
1.1749
1.1798
1.1838
1.1853
1.1758
1.1755
1.1752
1.1771
1.1816
1.1734
1.1816
1.1771
1.1774
1.1722
1.1737
1.1783
1.1765
1.1703
1.1801
1.1719
1.1731
1.1832
1.1786
1.1743
1.1798
1.1752
1.1847
1.1877
1.1862
1.1786
1.1862
1.1783
1.1813
1.1835
1.1887
1.1874
1.1850
1.1908
1.1905
1.1819
1.1847
1.1847
1.1871
1.1847
1.1865
1.1847
1.1765
1.1838
1.1816
1.1765
1.1835
1.1789
1.1722
1.1798
1.1731
1.1792
1.1789
1.1783
1.1728
1.1719
1.1703
1.1792
1.1771
1.1786
1.1780
1.1798
1.1685
1.1682
1.1777
1.1774
1.1838
1.1768
1.1774
1.1761
1.1761
1.1880
1.1865
1.1902
1.1917
1.1835
1.1838
1.1816
1.1801
1.1850
1.1813
1.1905
1.1905
1.1832
1.1908
1.1807
1.1804
1.1813
1.1823
1.1819
1.1890
1.1804
1.1847
1.1792
1.1810
1.1838
1.1914
1.1905
1.1914
1.1887
1.1813
1.1896
1.1905
1.1816
1.1920
1.1935
1.1899
1.1856
1.1887
1.1911
1.1981
1.1905
1.1981
1.1920
1.2000
1.1920
1.1942
1.2000
1.1972
1.2009
1.2003
1.1978
1.1981
1.1957
1.1966
1.2030
1.1993
1.1957
1.2030
1.2009
1.1993
1.2027
1.2036
1.2024
1.1938
1.1920
1.1929
1.1996
1.1996
1.1905
1.1978
1.1987
1.1880
1.1957
1.1856
1.1874
1.1823
1.1893
1.1905
1.1899
1.1884
1.1768
1.1801
1.1874
1.1826
1.1847
1.1816
1.1826
1.1826
1.1807
1.1746
1.1749
1.1746
1.1819
1.1780
1.1780
1.1771
1.1734
1.1807
1.1765
1.1841
1.1755
1.1795
1.1743
1.1813
1.1743
1.1771
1.1746
1.1795
1.1746
1.1783
1.1771
1.1722
1.1710
1.1761
1.1673
1.1713
1.1780
1.1737
1.1789
1.1728
1.1703
1.1740
1.1710
1.1752
1.1786
1.1725
1.1816
1.1716
1.1765
1.1734
1.1734
1.1768
1.1874
1.1798
1.1847
1.1819
1.1893
1.1887
1.1926
1.1923
1.1899
1.1929
1.1942
1.1896
1.1990
1.1942
1.2015
1.1923
1.1945
1.1966
1.1987
1.1935
1.1984
1.1969
1.1917
1.1914
1.1948
1.1963
1.1981
1.1960
1.1899
1.1945
1.2003
1.1990
1.1932
1.1899
1.2024
1.1929
1.1981
1.1923
1.1969
1.2021
1.2064
1.2036
1.2064
1.2064
1.2051
1.2006
1.1993
1.1954
1.2003
1.1975
1.1981
1.1978
1.1905
1.1893
1.1896
1.1966
1.1938
1.1868
1.1932
1.1859
1.1908
1.1816
1.1832
1.1868
1.1877
1.1917
1.1908
1.1844
1.1868
1.1914
1.1917
1.1841
1.1865
1.1813
1.1914
1.1871
1.1905
1.1926
1.1859
1.1905
1.1826
1.1877
1.1923
1.1874
1.1890
1.1920
1.1914
1.1890
1.1954
1.1990
1.1954
1.1929
1.1951
1.1963
1.2000
1.2033
1.2018
1.2064
1.2073
1.2024
1.1981
1.2009
1.2076
1.2027
1.2076
1.2079
1.2003
1.2064
1.2024
1.2100
1.2057
1.2094
1.1987
1.2051
1.2042
1.2009
1.1942
1.1957
1.1893
1.1954
1.1896
1.1935
1.1890
1.1841
1.1868
1.1920
1.1880
1.1917
1.1850
1.1816
1.1816
1.1823
1.1911
1.1777
1.1874
1.1865
1.1917
1.1905
1.1920
1.1942
1.1893
1.1914
1.1935
1.1920
1.1850
1.1920
1.1853
1.1954
1.1923
1.1826
1.1917
1.1868
1.1877
1.1942
1.1935
1.1853
1.1850
1.1938
1.1932
1.1963
1.1890
1.1960
1.1880
1.1957
1.1862
1.1948
1.1984
1.1951
1.1981
1.1899
1.1981
1.2006
1.1926
1.1960
1.1987
1.1899
1.1990
1.1963
1.1987
1.1954
1.1987
1.1914
1.1972
1.1935
1.1902
1.1917
1.1917
1.1966
1.1954
1.1917
1.1874
1.1826
1.1908
1.1804
1.1829
1.1795
1.1880
1.1786
1.1841
1.1752
1.1832
1.1819
1.1813
1.1798
1.1819
1.1758
1.1746
1.1816
1.1713
1.1816
1.1847
1.1826
1.1765
1.1865
1.1841
1.1871
1.1801
1.1792
1.1859
1.1798
1.1850
1.1899
1.1795
1.1899
1.1929
1.1887
1.1911
1.1938
1.1963
1.1954
1.1926
1.1887
1.1948
1.1865
1.1893
1.1908
1.1865
1.1884
1.1902
1.1920
1.1859
1.1850
1.1914
1.1862
1.1938
1.1938
1.1862
1.1935
1.1914
1.1935
1.1902
1.1877
1.1929
1.1978
1.1926
1.1923
1.1969
1.1966
1.1978
1.1981
1.1884
1.1920
1.1914
1.1960
1.1911
1.1905
1.1917
1.1929
1.1932
1.2012
1.1969
1.1960
1.2033
1.2003
1.1996
1.1963
1.1981
1.1975
1.2000
1.1957
1.2076
1.2036
1.2054
1.2054
1.2057
1.2115
1.2018
1.2027
1.2033
1.1993
1.1987
1.2015
1.2024
1.1966
1.1960
1.1984
1.2018
1.1975
1.2061
1.2048
1.2048
1.2076
1.2067
1.2000
1.2082
1.2088
1.2064
1.2061
1.2057
1.2021
1.2012
1.1990
1.2009
1.1957
1.2021
1.1993
1.1993
1.1942
1.1935
1.1920
1.2015
1.1932
1.2021
1.2024
1.1942
1.2027
1.1993
1.1938
1.2012
1.1932
1.2003
1.1914
1.1935
1.1914
1.1935
1.2018
1.2018
1.2042
1.2003
1.1975
1.1951
1.2051
1.2076
1.2057
1.1990
1.2009
1.2000
1.2064
1.1984
1.2042
1.1945
1.2033
1.1932
1.1951
1.1993
1.1935
1.1987
1.1972
1.1969
1.1966
1.1963
1.1942
1.1899
1.1884
1.1942
1.1868
1.1880
1.1945
1.1942
1.1865
1.1841
1.1954
1.1935
1.1969
1.1926
1.1942
1.1923
1.1932
1.1893
1.1929
1.1902
1.1957
1.1877
1.1853
1.1917
1.1871
1.1880
1.1902
1.1871
1.1951
1.1850
1.1902
1.1932
1.1935
1.1908
1.1871
1.1902
1.1905
1.1877
1.1902
1.1795
1.1874
1.1801
1.1853
1.1829
1.1749
1.1765
1.1813
1.1710
1.1765
1.1682
1.1734
1.1758
1.1646
1.1737
1.1649
1.1676
1.1713
1.1743
1.1740
1.1734
1.1682
1.1673
1.1761
1.1694
1.1700
1.1707
1.1694
1.1807
1.1813
1.1719
1.1810
1.1819
1.1734
1.1816
1.1731
1.1786
1.1853
1.1829
1.1807
1.1859
1.1835
1.1880
1.1813
1.1853
1.1874
1.1859
1.1972
1.1853
1.1905
1.1987
1.1902
1.1957
1.1920
1.1914
1.1987
1.1993
1.1920
1.1911
1.1975
1.1905
1.1917
1.1920
1.2015
1.1929
1.1908
1.1996
1.1942
1.1993
1.2003
1.1951
1.1972
1.1969
1.1948
1.1908
1.1871
1.1887
1.1890
1.1899
1.1960
1.1942
1.1890
1.1920
1.1923
1.1908
1.1966
1.1880
1.1954
1.1893
1.1948
1.1905
1.1874
1.1902
1.1859
1.1847
1.1865
1.1923
1.1874
1.1853
1.1893
1.1832
1.1899
1.1896
1.1890
1.1899
1.1880
1.1990
1.1960
1.1893
1.1890
1.1920
1.2003
1.1975
1.1951
1.1969
1.1981
1.1981
1.1905
1.1899
1.1917
1.1871
1.1929
1.1865
1.1868
1.1871
1.1935
1.1871
1.1871
1.1887
1.1938
1.1841
1.1847
1.1838
1.1920
1.1844
1.1853
1.1945
1.1890
1.1838
1.1868
1.1859
1.1859
1.1948
1.1938
1.1902
1.1929
1.1908
1.1887
1.1819
1.1896
1.1850
1.1926
1.1932
1.1911
1.1932
1.1884
1.1981
1.1923
1.1887
1.1948
1.1963
1.1996
1.1981
1.1984
1.1990
1.1932
1.2006
1.1984
1.1926
1.1987
1.1893
1.1914
1.1920
1.1917
1.1951
1.1963
1.1923
1.1877
1.1942
1.1948
1.1880
1.1948
1.1963
1.1874
1.1884
1.1880
1.1929
1.1969
1.1884
1.1978
1.1978
1.1914
1.1978
1.1969
1.1972
1.1957
1.2064
1.1981
1.2015
1.2100
1.1969
1.2003
1.2079
1.1978
1.2033
1.1996
1.2006
1.1981
1.1896
1.1899
1.1926
1.1926
1.1853
1.1887
1.1856
1.1877
1.1774
1.1792
1.1795
1.1768
1.1810
1.1862
1.1838
1.1807
1.1722
1.1832
1.1823
1.1810
1.1813
1.1819
1.1783
1.1841
1.1771
1.1850
1.1768
1.1804
1.1777
1.1819
1.1835
1.1819
1.1795
1.1868
1.1798
1.1819
1.1884
1.1865
1.1804
1.1816
1.1807
1.1859
1.1823
1.1920
1.1844
1.1841
1.1923
1.1859
1.1902
1.1899
1.1899
1.1844
1.1920
1.1877
1.1908
1.1887
1.1893
1.1890
1.1850
1.1945
1.1890
1.1899
1.1938
1.1865
1.1938
1.1951
1.1890
1.1929
1.1951
1.1890
1.1905
1.1887
1.1957
1.1835
1.1945
1.1890
1.1850
1.1841
1.1905
1.1868
1.1832
1.1774
1.1807
1.1792
1.1893
1.1819
1.1795
1.1835
1.1847
1.1832
1.1838
1.1810
1.1899
1.1887
1.1880
1.1917
1.1868
1.1920
1.1847
1.1893
1.1929
1.1951
1.1945
1.1871
1.1957
1.1966
1.1914
1.1978
1.1984
1.1948
1.1917
1.1923
1.1942
1.1932
1.1929
1.1914
1.1984
1.2012
1.2006
1.2003
1.2012
1.2009
1.2006
1.2000
1.1972
1.2009
1.2006
1.1951
1.1920
1.1957
1.2006
1.1890
1.1914
1.1984
1.1945
1.1942
1.1865
1.1938
1.1923
1.1890
1.1893
1.1868
1.1823
1.1877
1.1780
1.1841
1.1823
1.1829
1.1893
1.1847
1.1829
1.1871
1.1884
1.1890
1.1880
1.1893
1.1813
1.1807
1.1813
1.1865
1.1890
1.1819
1.1908
1.1841
1.1865
1.1938
1.1856
1.1929
1.1932
1.1966
1.1859
1.1887
1.1935
1.1942
1.1853
1.1948
1.1932
1.1926
1.1838
1.1932
