1.0999
1.0999
1.1023
1.0962
1.1032
1.0989
1.1041
1.1023
1.1057
1.1075
1.1078
1.1075
1.0980
1.1060
1.0980
1.1026
1.1072
1.1057
1.1050
1.1053
1.1026
1.0983
1.1014
1.1084
1.1096
1.1060
1.1020
1.1075
1.1026
1.0986
1.1014
1.1014
1.0962
1.0959
1.0986
1.0968
1.0889
1.0861
1.0944
1.0937
1.0922
1.0855
1.0904
1.0791
1.0831
1.0797
1.0797
1.0773
1.0736
1.0840
1.0745
1.0806
1.0818
1.0806
1.0742
1.0849
1.0797
1.0818
1.0880
1.0867
1.0840
1.0892
1.0818
1.0858
1.0907
1.0922
1.0840
1.0812
1.0928
1.0910
1.0892
1.0895
1.0852
1.0916
1.0913
1.0953
1.0861
1.0968
1.0919
1.0910
1.0916
1.0898
1.0916
1.0907
1.0947
1.0922
1.0977
1.0928
1.0989
1.0999
1.0986
1.0965
1.0986
1.0971
1.0901
1.0892
1.0913
1.0922
1.0898
1.0944
1.0867
1.0880
1.0904
1.0971
1.0928
1.0886
1.0922
1.0928
1.0986
1.0983
1.0980
1.0956
1.0916
1.0965
1.0901
1.0895
1.0950
1.0898
1.0959
1.0928
1.0977
1.0925
1.0922
1.0937
1.0962
1.0919
1.0928
1.0956
1.0986
1.0916
1.0934
1.0904
1.0916
1.0980
1.0916
1.0953
1.0928
1.0950
1.0873
1.0937
1.0910
1.0892
1.0889
1.0919
1.0950
1.0953
1.0953
1.0907
1.0974
1.0968
1.0934
1.0904
1.0901
1.0956
1.1002
1.1008
1.0916
1.0968
1.1014
1.0968
1.1050
1.0956
1.0999
1.0968
1.0977
1.1029
1.1029
1.0965
1.0974
1.1038
1.1050
1.0956
1.0928
1.1047
1.1041
1.0950
1.0959
1.1017
1.0999
1.1014
1.0980
1.0968
1.0953
1.0950
1.0904
1.0950
1.0831
1.0931
1.0864
1.0950
1.0928
1.0941
1.0931
1.0904
1.0965
1.0922
1.0962
1.0974
1.0904
1.1008
1.0901
1.1032
1.0986
1.0944
1.0950
1.0992
1.1023
1.1017
1.0944
1.0992
1.0965
1.1035
1.1008
1.0999
1.0904
1.1035
1.1032
1.1035
1.1017
1.0941
1.1038
1.0968
1.1026
1.1011
1.1011
1.1050
1.1081
1.1017
1.1014
1.1057
1.0968
1.1050
1.1047
1.1078
1.1053
1.0992
1.1063
1.0989
1.1011
1.0974
1.1026
1.0980
1.0959
1.1035
1.1023
1.0928
1.0953
1.0919
1.0995
1.0999
1.0986
1.0992
1.0913
1.0925
1.0986
1.0965
1.0989
1.0916
1.0913
1.1002
1.1008
1.0986
1.0910
1.0928
1.0995
1.0977
1.1044
1.1053
1.1053
1.1008
1.1090
1.1011
1.1017
1.1099
1.1108
1.1026
1.1060
1.0995
1.1008
1.1038
1.1057
1.0989
1.0980
1.0995
1.0989
1.1017
1.1038
1.1017
1.1053
1.1060
1.0983
1.1047
1.0968
1.0983
1.1017
1.0947
1.0928
1.0922
1.0913
1.0965
1.0901
1.0953
1.0956
1.0956
1.0886
1.0907
1.0907
1.0919
1.0861
1.0883
1.0904
1.0858
1.0852
1.0843
1.0956
1.0873
1.0956
1.0971
1.0919
1.1060
1.0922
1.0901
1.0983
1.0928
1.1002
1.1008
1.1020
1.0913
1.0910
1.0977
1.0889
1.0925
1.0941
1.0968
1.0913
1.0968
1.0971
1.0916
1.0989
1.0977
1.0980
1.0922
1.0989
1.0999
1.1005
1.0931
1.0886
1.0916
1.0916
1.0953
1.0965
1.0928
1.0907
1.0947
1.0962
1.0904
1.0895
1.1002
1.0983
1.1014
1.1029
1.0980
1.1026
1.1050
1.1008
1.1029
1.1017
1.1044
1.0995
1.0977
1.1060
1.1035
1.1035
1.1023
1.0950
1.1023
1.1014
1.0941
1.0913
1.0922
1.0968
1.0928
1.0965
1.0959
1.0895
1.0968
1.0953
1.0880
1.0941
1.0883
1.0999
1.0913
1.0941
1.1008
1.0986
1.0980
1.0919
1.0986
1.0965
1.0995
1.0892
1.0980
1.0922
1.0855
1.0886
1.0962
1.0846
1.0950
1.0928
1.0956
1.0947
1.0962
1.0901
1.0983
1.0995
1.0989
1.0995
1.0989
1.1014
1.0999
1.1032
1.1026
1.1011
1.1026
1.0989
1.0937
1.1014
1.0962
1.0971
1.1008
1.0950
1.1002
1.1002
1.0925
1.0971
1.0928
1.0941
1.0931
1.0937
1.0889
1.0931
1.0858
1.0925
1.0828
1.0873
1.0870
1.0822
1.0840
1.0849
1.0910
1.0846
1.0889
1.0846
1.0889
1.0806
1.0858
1.0873
1.0852
1.0852
1.0806
1.0797
1.0815
1.0812
1.0892
1.0855
1.0895
1.0828
1.0889
1.0931
1.0913
1.0919
1.0956
1.0977
1.0968
1.0889
1.0928
1.0977
1.0953
1.1011
1.1041
1.0934
1.0928
1.0992
1.0910
1.1014
1.0928
1.0937
1.0919
1.0895
1.0919
1.0849
1.0965
1.0852
1.0904
1.0956
1.0852
1.0895
1.0870
1.0925
1.0828
1.0809
1.0892
1.0892
1.0913
1.0907
1.0898
1.0867
1.0919
1.0825
1.0846
1.0889
1.0889
1.0791
1.0898
1.0904
1.0889
1.0818
1.0895
1.0840
1.0880
1.0870
1.0873
1.0773
1.0815
1.0883
1.0825
1.0806
1.0876
1.0880
1.0822
1.0840
1.0828
1.0898
1.0849
1.0913
1.0825
1.0931
1.0931
1.0889
1.0831
1.0867
1.0941
1.0947
1.0889
1.0968
1.0977
1.0995
1.0999
1.0995
1.0999
1.0995
1.0977
1.0950
1.1011
1.0989
1.1026
1.1057
1.0971
1.1035
1.0992
1.1002
1.1066
1.1035
1.1063
1.1038
1.1017
1.0980
1.1044
1.0989
1.0931
1.1026
1.0995
1.0968
1.1038
1.0937
1.1035
1.1047
1.1005
1.0959
1.1050
1.1038
1.1060
1.1041
1.0959
1.1035
1.1014
1.0968
1.1035
1.1032
1.1014
1.1008
1.0986
1.0983
1.0974
1.1038
1.1044
1.1035
1.0977
1.0986
1.1032
1.1011
1.1038
1.1038
1.1047
1.0956
1.1044
1.1050
1.0974
1.1035
1.1047
1.0977
1.0983
1.0962
1.1038
1.0937
1.1050
1.0950
1.1023
1.0941
1.0977
1.0934
1.0883
1.0931
1.0883
1.0883
1.0855
1.0852
1.0849
1.0895
1.0910
1.0828
1.0858
1.0925
1.0937
1.0889
1.0953
1.0971
1.0925
1.0898
1.0968
1.0977
1.0941
1.0928
1.0944
1.0986
1.0889
1.0989
1.0889
1.0876
1.0977
1.0974
1.0910
1.0880
1.0950
1.0910
1.0876
1.0876
1.0895
1.0944
1.0941
1.0934
1.0876
1.0928
1.0855
1.0901
1.0931
1.0910
1.0971
1.0925
1.0928
1.0959
1.0999
1.0965
1.0971
1.1017
1.1035
1.0953
1.1029
1.1041
1.1035
1.1002
1.0986
1.1029
1.1014
1.1023
1.1017
1.1023
1.0965
1.0937
1.0944
1.0999
1.0965
1.0931
1.0965
1.0986
1.0907
1.0873
1.0947
1.0849
1.0861
1.0852
1.0889
1.0852
1.0913
1.0822
1.0831
1.0913
1.0873
1.0846
1.0931
1.0873
1.0861
1.0876
1.0916
1.0898
1.0901
1.0977
1.0876
1.0913
1.0937
1.0941
1.0892
1.0861
1.0867
1.0959
1.0937
1.0870
1.0858
1.0959
1.0953
1.0950
1.0855
1.0919
1.0971
1.0913
1.1008
1.0937
1.0947
1.0950
1.0986
1.0928
1.0992
1.0941
1.0959
1.1005
1.1014
1.0999
1.0898
1.0980
1.0989
1.0995
1.0895
1.0925
1.1002
1.0907
1.0999
1.0925
1.0968
1.0950
1.1002
1.0995
1.0956
1.0950
1.0986
1.1026
1.1069
1.1053
1.0983
1.1060
1.0980
1.1050
1.1002
1.0971
1.1032
1.1026
1.1060
1.1075
1.0959
1.1011
1.1078
1.1102
1.1047
1.1014
1.0986
1.1093
1.1017
1.0971
1.1063
1.0971
1.1026
1.1026
1.0989
1.0965
1.1023
1.0944
1.0931
1.0898
1.0965
1.0922
1.0947
1.0889
1.0947
1.0965
1.0983
1.0968
1.0968
1.0904
1.0855
1.0934
1.0828
1.0852
1.0849
1.0852
1.0864
1.0892
1.0840
1.0931
1.0931
1.0916
1.0886
1.0895
1.0971
1.0922
1.0983
1.0989
1.0910
1.0995
1.1017
1.0999
1.0950
1.1002
1.1011
1.0944
1.0992
1.0944
1.0956
1.0895
1.1005
1.0971
1.0986
1.1005
1.0934
1.0892
1.0995
1.0947
1.0889
1.0895
1.0876
1.0873
1.0931
1.0849
1.0919
1.0864
1.0925
1.0867
1.0925
1.0928
1.0846
1.0904
1.0919
1.0892
1.0904
1.0889
1.0867
1.0818
1.0928
1.0892
1.0867
1.0913
1.0901
1.0861
1.0846
1.0840
1.0831
1.0846
1.0901
1.0886
1.0913
1.0876
1.0901
1.0913
1.0898
1.0919
1.0861
1.0883
1.0831
1.0825
1.0822
1.0846
1.0916
1.0831
1.0873
1.0867
1.0892
1.0904
1.0873
1.0892
1.0828
1.0825
1.0834
1.0822
1.0916
1.0815
1.0843
1.0803
1.0861
1.0846
1.0858
1.0745
1.0812
1.0858
1.0767
1.0739
1.0831
1.0791
1.0803
1.0867
1.0849
1.0898
1.0834
1.0880
1.0864
1.0937
1.0956
1.0959
1.0843
1.0937
1.0974
1.0941
1.0937
1.0986
1.0916
1.0980
1.0867
1.0974
1.0937
1.0907
1.0925
1.0944
1.0913
1.0956
1.1008
1.0922
1.0999
1.0947
1.0928
1.0986
1.0922
1.0922
1.0925
1.0937
1.0977
1.1005
1.0922
1.1011
1.0919
1.1017
1.1014
1.0937
1.1020
1.0965
1.1008
1.0904
1.1017
1.0959
1.0971
1.1078
1.1072
1.1063
1.1023
1.1023
1.1105
1.1008
1.1075
1.1050
1.1075
1.1133
1.1084
1.1136
1.1063
1.1160
1.1066
1.1069
1.1084
1.1063
1.1038
1.1057
1.1050
1.1038
1.1014
1.1057
1.1014
1.1029
1.0956
1.1014
1.0999
1.0956
1.0889
1.0904
1.0907
1.0901
1.0971
1.0889
1.0953
1.0904
1.0944
1.0919
1.0873
1.0913
1.0916
1.0895
1.0855
1.0898
1.0873
1.0825
1.0809
1.0870
1.0815
1.0898
1.0898
1.0834
1.0910
1.0855
1.0928
1.0910
1.0947
1.0870
1.0892
1.0928
1.0980
1.0886
1.0953
1.0886
1.0892
1.0876
1.0928
1.0959
1.0889
1.0953
1.0931
1.0965
1.0965
1.0876
1.0974
1.0886
1.0895
1.0965
1.0950
1.0892
1.0861
1.0953
1.0883
1.0992
1.0980
1.0892
1.0962
1.1017
1.0968
1.0977
1.0974
1.1063
1.1005
1.0962
1.1060
1.1087
1.1032
1.1020
1.1017
1.1014
1.0962
1.0992
1.1084
1.1008
1.1026
1.1026
1.0992
1.1057
1.0953
1.1047
1.0977
1.0986
1.1008
1.1014
1.1032
1.0937
1.1041
1.1008
1.1020
1.0962
1.1014
1.0989
1.0937
1.0928
1.0989
1.1002
1.0959
1.0941
1.0989
1.0959
1.0928
1.0968
1.1023
1.1017
1.0916
1.0928
1.1020
1.0959
1.0907
1.0983
1.0916
1.0953
1.0947
1.0889
1.0901
1.0983
1.0898
1.0913
1.0944
1.0977
1.0959
1.0855
1.0886
1.0941
1.0944
1.0959
1.0962
1.0916
1.0873
1.0962
1.0962
1.0904
1.0956
1.0849
1.0883
1.0944
1.0883
1.0919
1.0919
1.0928
1.0928
1.0916
1.0849
1.0928
1.0895
1.0937
1.0870
1.0867
1.0876
1.0889
1.0934
1.0950
1.0898
1.0922
1.0883
1.0916
1.0965
1.0944
1.0974
1.0895
1.0873
1.0947
1.0864
1.0956
1.0889
1.0962
1.0883
1.0883
1.0886
1.0934
1.0956
1.0916
1.0953
1.0883
1.0999
1.0971
1.0968
1.0947
1.0910
1.0968
1.0968
1.0965
1.0925
1.0971
1.0965
1.0937
1.0937
1.0956
1.0947
1.0907
1.0913
1.0995
1.0968
1.0989
1.1008
1.0959
1.0992
1.0953
1.1011
1.1011
1.1026
1.1005
1.0947
1.0928
1.0959
1.1002
1.0925
1.0953
1.0980
1.0962
1.1026
1.0965
1.1008
1.0992
1.0971
1.0977
1.0959
1.0947
1.1002
1.0910
1.0925
1.0956
1.0980
1.0953
1.0983
1.0999
1.0916
1.1020
1.1008
1.1026
1.0934
1.1029
1.1041
1.1041
1.1035
1.1005
1.0995
1.0986
1.0977
1.0968
1.1057
1.1029
1.1038
1.0928
1.1011
1.0977
1.0919
1.1038
1.1017
1.1002
1.0968
1.0974
1.1032
1.0962
1.0965
1.1029
1.1029
1.1017
1.1020
1.1032
1.0974
1.1023
1.0956
1.0950
1.0968
1.1026
1.1032
1.1029
1.1063
1.1063
1.0995
1.1066
1.1044
1.1099
1.1102
1.1099
1.1115
1.1087
1.1047
1.1099
1.1121
1.1099
1.1035
1.1029
1.1026
1.1044
1.1047
1.1060
1.1023
1.1072
1.0971
1.1060
1.1023
1.1060
1.1023
1.0959
1.1023
1.0995
1.0971
1.1057
1.0986
1.1014
1.1053
1.0986
1.1023
1.1029
1.0925
1.0965
1.0931
1.0944
1.0928
1.1008
1.0928
1.0931
1.0916
1.0880
1.0889
1.0965
1.0971
1.0849
1.0962
1.0870
1.0962
1.0971
1.0937
1.0873
1.0867
1.0928
1.0861
1.0965
1.0928
1.0913
1.0925
1.0880
1.0904
1.0934
1.0876
1.0883
1.0937
1.0889
1.0904
1.0953
1.0919
1.0980
1.0974
1.0928
1.0971
1.0983
1.0989
1.0944
1.0922
1.1017
1.0947
1.1008
1.0989
1.1002
1.0989
1.0965
1.0895
1.0925
1.0928
1.0947
1.0889
1.0962
1.0974
1.0986
1.0941
1.1011
1.0999
1.0916
1.0944
1.0999
1.1011
1.0999
1.0986
1.0989
1.0962
1.0916
1.0931
1.0980
1.0980
1.0971
1.0983
1.0983
1.0901
1.0992
1.0986
1.0916
1.0977
1.0986
1.0980
1.0910
1.0956
1.0953
1.0864
1.0962
1.0849
1.0931
1.0962
1.0941
1.0953
1.0852
1.0880
1.0934
1.0895
1.0953
1.0953
1.0956
1.0870
1.0883
1.0889
1.0873
1.0971
1.0965
1.0898
1.0910
1.0925
1.0898
1.0937
1.0947
1.0901
1.1014
1.0986
1.1020
1.1005
1.1041
1.0971
1.1023
1.0965
1.1041
1.0999
1.0977
1.0983
1.1017
1.1057
1.0965
1.0995
1.0977
1.1075
1.1020
1.1005
1.0959
1.1032
1.1023
1.1026
1.0968
1.1047
1.0941
1.0913
1.1026
1.1008
1.1014
1.0953
1.0947
1.0953
1.0962
1.0971
1.0907
1.0855
1.0931
1.0855
1.0916
1.0928
1.0950
1.0965
1.0950
1.0944
1.0934
1.0931
1.0867
1.0876
1.0880
1.0928
1.0977
1.0959
1.0989
1.0980
1.0937
1.0989
1.1020
1.0956
1.1026
1.0977
1.1057
1.0999
1.1066
1.0989
1.0980
1.1011
1.1038
1.1066
1.1044
1.1032
1.1017
1.1029
1.1041
1.0995
1.1029
1.0999
1.0992
1.0995
1.0992
1.0983
