1.0214
1.0242
1.0254
1.0291
1.0229
1.0294
1.0275
1.0248
1.0208
1.0251
1.0226
1.0275
1.0181
1.0263
1.0257
1.0281
1.0281
1.0233
1.0272
1.0229
1.0291
1.0205
1.0217
1.0229
1.0211
1.0309
1.0294
1.0300
1.0294
1.0318
1.0315
1.0287
1.0226
1.0303
1.0333
1.0260
1.0257
1.0330
1.0254
1.0342
1.0349
1.0239
1.0291
1.0336
1.0345
1.0281
1.0242
1.0330
1.0233
1.0242
1.0321
1.0318
1.0239
1.0242
1.0281
1.0214
1.0306
1.0205
1.0278
1.0291
1.0190
1.0260
1.0233
1.0269
1.0233
1.0205
1.0175
1.0193
1.0245
1.0287
1.0205
1.0245
1.0294
1.0263
1.0236
1.0226
1.0217
1.0281
1.0269
1.0208
1.0266
1.0251
1.0284
1.0236
1.0239
1.0239
1.0321
1.0287
1.0220
1.0220
1.0233
1.0272
1.0245
1.0233
1.0202
1.0287
1.0211
1.0300
1.0236
1.0239
1.0294
1.0284
1.0242
1.0214
1.0214
1.0315
1.0248
1.0306
1.0239
1.0275
1.0205
1.0220
1.0278
1.0202
1.0266
1.0245
1.0217
1.0239
1.0181
1.0190
1.0220
1.0178
1.0196
1.0226
1.0147
1.0172
1.0226
1.0263
1.0242
1.0239
1.0257
1.0300
1.0251
1.0214
1.0315
1.0281
1.0278
1.0266
1.0251
1.0287
1.0281
1.0327
1.0339
1.0300
1.0324
1.0312
1.0257
1.0220
1.0226
1.0312
1.0214
1.0217
1.0312
1.0284
1.0239
1.0297
1.0278
1.0214
1.0223
1.0217
1.0287
1.0245
1.0278
1.0251
1.0202
1.0263
1.0284
1.0297
1.0278
1.0229
1.0236
1.0239
1.0236
1.0245
1.0272
1.0306
1.0318
1.0327
1.0248
1.0352
1.0306
1.0324
1.0321
1.0291
1.0352
1.0303
1.0336
1.0254
1.0260
1.0306
1.0330
1.0211
1.0254
1.0242
1.0321
1.0269
1.0321
1.0245
1.0239
1.0303
1.0269
1.0330
1.0263
1.0324
1.0291
1.0315
1.0233
1.0245
1.0297
1.0233
1.0294
1.0278
1.0269
1.0233
1.0220
1.0226
1.0287
1.0220
1.0208
1.0242
1.0242
1.0294
1.0257
1.0242
1.0266
1.0312
1.0254
1.0327
1.0309
1.0306
1.0318
1.0306
1.0312
1.0208
1.0312
1.0233
1.0297
1.0315
1.0309
1.0263
1.0324
1.0254
1.0278
1.0281
1.0202
1.0220
1.0284
1.0291
1.0294
1.0242
1.0272
1.0281
1.0287
1.0291
1.0257
1.0315
1.0196
1.0275
1.0245
1.0233
1.0297
1.0263
1.0233
1.0309
1.0309
1.0318
1.0309
1.0315
1.0233
1.0257
1.0336
1.0248
1.0327
1.0327
1.0318
1.0233
1.0205
1.0294
1.0294
1.0193
1.0287
1.0294
1.0269
1.0275
1.0229
1.0251
1.0266
1.0196
1.0272
1.0233
1.0162
1.0233
1.0229
1.0181
1.0236
1.0236
1.0138
1.0156
1.0168
1.0233
1.0181
1.0223
1.0245
1.0172
1.0135
1.0156
1.0120
1.0257
1.0162
1.0184
1.0269
1.0202
1.0245
1.0193
1.0260
1.0223
1.0172
1.0278
1.0211
1.0223
1.0272
1.0217
1.0245
1.0324
1.0248
1.0312
1.0327
1.0336
1.0263
1.0306
1.0330
1.0275
1.0315
1.0278
1.0312
1.0306
1.0342
1.0257
1.0336
1.0345
1.0345
1.0266
1.0245
1.0281
1.0349
1.0330
1.0245
1.0336
1.0257
1.0236
1.0229
1.0266
1.0263
1.0239
1.0324
1.0297
1.0306
1.0281
1.0327
1.0239
1.0303
1.0333
1.0333
1.0339
1.0327
1.0260
1.0294
1.0272
1.0257
1.0303
1.0339
1.0358
1.0300
1.0260
1.0291
1.0303
1.0251
1.0217
1.0254
1.0260
1.0272
1.0287
1.0226
1.0211
1.0257
1.0287
1.0242
1.0266
1.0284
1.0242
1.0278
1.0208
1.0205
1.0211
1.0269
1.0196
1.0239
1.0281
1.0278
1.0294
1.0266
1.0229
1.0284
1.0193
1.0272
1.0284
1.0245
1.0254
1.0281
1.0269
1.0287
1.0272
1.0303
1.0223
1.0220
1.0284
1.0220
1.0214
1.0223
1.0217
1.0278
1.0208
1.0272
1.0291
1.0233
1.0217
1.0159
1.0220
1.0254
1.0178
1.0223
1.0153
1.0242
1.0254
1.0181
1.0187
1.0352
1.0220
1.0254
1.0202
1.0291
1.0214
1.0208
1.0278
1.0306
1.0214
1.0220
1.0272
1.0297
1.0245
1.0260
1.0245
1.0269
1.0260
1.0254
1.0199
1.0165
1.0147
1.0156
1.0233
1.0175
1.0205
1.0233
1.0156
1.0196
1.0239
1.0260
1.0239
1.0275
1.0257
1.0287
1.0278
1.0324
1.0254
1.0333
1.0275
1.0284
1.0358
1.0278
1.0345
1.0312
1.0281
1.0281
1.0269
1.0236
1.0254
1.0257
1.0269
1.0236
1.0260
1.0309
1.0239
1.0306
1.0315
1.0294
1.0303
1.0211
1.0245
1.0284
1.0208
1.0248
1.0333
1.0336
1.0284
1.0245
1.0248
1.0306
1.0333
1.0321
1.0306
1.0327
1.0297
1.0233
1.0248
1.0248
1.0278
1.0236
1.0315
1.0211
1.0300
1.0315
1.0306
1.0324
1.0281
1.0294
1.0242
1.0300
1.0291
1.0214
1.0245
1.0309
1.0187
1.0294
1.0300
1.0312
1.0318
1.0260
1.0229
1.0205
1.0196
1.0233
1.0303
1.0291
1.0226
1.0303
1.0242
1.0199
1.0242
1.0226
1.0245
1.0205
1.0181
1.0275
1.0208
1.0239
1.0193
1.0165
1.0165
1.0202
1.0147
1.0220
1.0138
1.0196
1.0181
1.0220
1.0172
1.0150
1.0226
1.0217
1.0223
1.0159
1.0229
1.0263
1.0193
1.0217
1.0226
1.0266
1.0199
1.0233
1.0287
1.0312
1.0251
1.0242
1.0263
1.0330
1.0272
1.0327
1.0236
1.0306
1.0254
1.0303
1.0281
1.0300
1.0281
1.0312
1.0324
1.0318
1.0327
1.0229
1.0199
1.0269
1.0294
1.0251
1.0242
1.0324
1.0248
1.0321
1.0303
1.0309
1.0312
1.0327
1.0245
1.0269
1.0345
1.0266
1.0294
1.0254
1.0309
1.0236
1.0251
1.0327
1.0297
1.0257
1.0275
1.0269
1.0294
1.0239
1.0263
1.0315
1.0321
1.0303
1.0220
1.0309
1.0199
1.0297
1.0294
1.0284
1.0278
1.0284
1.0172
1.0214
1.0281
1.0242
1.0272
1.0260
1.0196
1.0294
1.0260
1.0294
1.0272
1.0229
1.0181
1.0275
1.0284
1.0263
1.0184
1.0211
1.0272
1.0266
1.0226
1.0275
1.0187
1.0193
1.0217
1.0190
1.0278
1.0226
1.0287
1.0260
1.0208
1.0297
1.0248
1.0291
1.0306
1.0309
1.0291
1.0217
1.0254
1.0260
1.0309
1.0303
1.0251
1.0223
1.0254
1.0318
1.0251
1.0352
1.0291
1.0355
1.0281
1.0309
1.0379
1.0400
1.0284
1.0275
1.0272
1.0336
1.0336
1.0281
1.0367
1.0376
1.0309
1.0370
1.0294
1.0294
1.0269
1.0355
1.0370
1.0300
1.0309
1.0376
1.0379
1.0318
1.0385
1.0370
1.0352
1.0269
1.0251
1.0352
1.0287
1.0315
1.0306
1.0315
1.0226
1.0300
1.0272
1.0248
1.0278
1.0181
1.0248
1.0190
1.0150
1.0123
1.0208
1.0181
1.0229
1.0229
1.0208
1.0211
1.0236
1.0162
1.0254
1.0211
1.0257
1.0168
1.0187
1.0202
1.0257
1.0184
1.0257
1.0150
1.0248
1.0278
1.0159
1.0150
1.0226
1.0193
1.0272
1.0217
1.0281
1.0245
1.0199
1.0266
1.0281
1.0202
1.0223
1.0181
1.0260
1.0217
1.0196
1.0291
1.0236
1.0312
1.0291
1.0217
1.0245
1.0223
1.0287
1.0294
1.0229
1.0239
1.0281
1.0321
1.0318
1.0336
1.0275
1.0330
1.0330
1.0330
1.0324
1.0327
1.0287
1.0248
1.0330
1.0254
1.0242
1.0229
1.0254
1.0239
1.0318
1.0318
1.0242
1.0321
1.0229
1.0278
1.0284
1.0324
1.0321
1.0223
1.0220
1.0217
1.0233
1.0306
1.0239
1.0309
1.0284
1.0321
1.0281
1.0291
1.0287
1.0205
1.0284
1.0223
1.0239
1.0294
1.0275
1.0211
1.0248
1.0202
1.0269
1.0300
1.0306
1.0321
1.0291
1.0254
1.0327
1.0284
1.0281
1.0284
1.0287
1.0303
1.0300
1.0376
1.0281
1.0297
1.0312
1.0352
1.0355
1.0318
1.0306
1.0330
1.0281
1.0281
1.0278
1.0333
1.0373
1.0321
1.0315
1.0373
1.0327
1.0309
1.0388
1.0287
1.0373
1.0361
1.0345
1.0318
1.0373
1.0300
1.0370
1.0364
1.0284
1.0367
1.0300
1.0309
1.0324
1.0355
1.0294
1.0254
1.0358
1.0339
1.0236
1.0330
1.0223
1.0226
1.0254
1.0278
1.0233
1.0193
1.0187
1.0239
1.0287
1.0291
1.0236
1.0233
1.0254
1.0239
1.0269
1.0324
1.0251
1.0333
1.0287
1.0336
1.0254
1.0251
1.0263
1.0248
1.0248
1.0239
1.0220
1.0284
1.0297
1.0239
1.0217
1.0205
1.0294
1.0284
1.0291
1.0202
1.0190
1.0300
1.0309
1.0312
1.0254
1.0294
1.0263
1.0220
1.0266
1.0233
1.0297
1.0220
1.0229
1.0266
1.0236
1.0287
1.0260
1.0291
1.0251
1.0281
1.0272
1.0260
1.0211
1.0272
1.0202
1.0254
1.0254
1.0284
1.0220
1.0223
1.0236
1.0236
1.0306
1.0217
1.0266
1.0294
1.0324
1.0300
1.0309
1.0239
1.0300
1.0330
1.0223
1.0318
1.0324
1.0275
1.0336
1.0318
1.0239
1.0318
1.0309
1.0242
1.0223
1.0278
1.0287
1.0318
1.0226
1.0303
1.0284
1.0281
1.0269
1.0294
1.0220
1.0312
1.0205
1.0275
1.0220
1.0229
1.0208
1.0248
1.0291
1.0260
1.0184
1.0297
1.0297
1.0284
1.0297
1.0245
1.0306
1.0226
1.0217
1.0245
1.0248
1.0309
1.0315
1.0275
1.0297
1.0275
1.0330
1.0239
1.0233
1.0245
1.0269
1.0303
1.0242
1.0281
1.0263
1.0229
1.0211
1.0217
1.0269
1.0254
1.0278
1.0239
1.0248
1.0196
1.0266
1.0257
1.0184
1.0175
1.0175
1.0211
1.0223
1.0211
1.0184
1.0162
1.0199
1.0217
1.0284
1.0175
1.0193
1.0229
1.0257
1.0190
1.0223
1.0236
1.0239
1.0220
1.0217
1.0229
1.0284
1.0324
1.0287
1.0226
1.0266
1.0217
1.0300
1.0312
1.0336
1.0269
1.0339
1.0248
1.0327
1.0318
1.0336
1.0275
1.0248
1.0266
1.0294
1.0275
1.0266
1.0306
1.0312
1.0272
1.0309
1.0297
1.0242
1.0275
1.0294
1.0278
1.0181
1.0199
1.0172
1.0181
1.0251
1.0211
1.0254
1.0208
1.0257
1.0257
1.0184
1.0220
1.0303
1.0223
1.0306
1.0226
1.0312
1.0236
1.0315
1.0254
1.0226
1.0321
1.0300
1.0324
1.0223
1.0318
1.0278
1.0223
1.0211
1.0260
1.0315
1.0306
1.0300
1.0291
1.0223
1.0294
1.0284
1.0211
1.0172
1.0181
1.0196
1.0269
1.0187
1.0193
1.0251
1.0281
1.0199
1.0196
1.0291
1.0263
1.0181
1.0269
1.0202
1.0278
1.0211
1.0291
1.0205
1.0281
1.0223
1.0220
1.0275
1.0251
1.0287
1.0260
1.0242
1.0291
1.0297
1.0239
1.0233
1.0211
1.0260
1.0239
1.0193
1.0284
1.0324
1.0254
1.0321
1.0272
1.0327
1.0257
1.0324
1.0248
1.0260
1.0242
1.0330
1.0275
1.0287
1.0300
1.0306
1.0373
1.0315
1.0309
1.0315
1.0391
1.0400
1.0339
1.0400
1.0397
1.0358
1.0312
1.0373
1.0339
1.0379
1.0269
1.0294
1.0266
1.0315
1.0342
1.0333
1.0333
1.0257
1.0330
1.0315
1.0242
1.0315
1.0278
1.0217
1.0281
1.0248
1.0190
1.0220
1.0190
1.0217
1.0287
1.0181
1.0287
1.0278
1.0275
1.0281
1.0205
1.0242
1.0254
1.0272
1.0287
1.0202
1.0229
1.0300
1.0220
1.0284
1.0257
1.0269
1.0297
1.0275
1.0355
1.0339
1.0321
1.0339
1.0257
1.0312
1.0312
1.0315
1.0312
1.0388
1.0287
1.0379
1.0327
1.0300
1.0342
1.0306
1.0373
1.0306
1.0352
1.0306
1.0266
1.0297
1.0254
1.0345
1.0358
1.0309
1.0358
1.0330
1.0339
1.0275
1.0336
1.0352
1.0361
1.0342
1.0254
1.0291
1.0318
1.0284
1.0333
1.0269
1.0297
1.0223
1.0223
1.0287
1.0272
1.0236
1.0327
1.0303
1.0229
1.0275
1.0315
1.0294
1.0309
1.0260
1.0312
1.0284
1.0229
1.0260
1.0275
1.0281
1.0223
1.0220
1.0190
1.0175
1.0181
1.0214
1.0199
1.0217
1.0190
1.0263
1.0239
1.0205
1.0272
1.0266
1.0281
1.0193
1.0266
1.0208
1.0303
1.0236
1.0229
1.0287
1.0226
1.0254
1.0217
1.0205
1.0272
1.0269
1.0257
1.0297
1.0297
1.0205
1.0254
1.0242
1.0257
1.0242
1.0214
1.0208
1.0236
1.0159
1.0165
1.0141
1.0223
1.0242
1.0229
1.0254
1.0172
1.0242
1.0229
1.0248
1.0205
1.0196
1.0220
1.0239
1.0205
1.0193
1.0254
1.0193
1.0266
1.0172
1.0287
1.0291
1.0294
1.0245
1.0245
1.0324
1.0309
1.0242
1.0226
1.0333
1.0333
1.0281
1.0257
1.0318
1.0321
1.0321
1.0223
1.0284
1.0330
1.0330
1.0242
1.0287
1.0306
1.0266
1.0239
1.0303
1.0294
1.0251
1.0297
1.0217
1.0297
1.0211
1.0257
1.0294
1.0275
1.0321
1.0257
1.0352
1.0370
1.0278
1.0266
1.0309
1.0397
1.0345
1.0385
1.0324
1.0400
1.0321
1.0358
1.0361
1.0394
1.0428
1.0431
1.0352
1.0452
1.0440
1.0373
1.0461
1.0464
1.0370
1.0452
1.0501
1.0406
1.0498
1.0437
1.0498
1.0513
1.0522
1.0458
1.0379
1.0440
1.0361
1.0394
1.0370
1.0452
1.0370
1.0419
1.0410
1.0358
1.0333
1.0355
1.0297
1.0306
1.0345
1.0251
1.0349
1.0297
1.0352
1.0226
1.0303
1.0315
1.0309
1.0281
1.0254
1.0312
1.0248
1.0266
1.0345
1.0251
1.0269
1.0342
1.0333
1.0352
1.0312
1.0287
1.0306
1.0339
1.0278
1.0281
1.0300
1.0306
1.0303
1.0361
1.0361
1.0324
1.0364
1.0272
1.0364
1.0370
1.0281
1.0382
1.0291
1.0367
1.0355
1.0303
1.0297
1.0281
1.0352
1.0263
1.0260
1.0321
1.0294
1.0349
1.0248
1.0312
1.0321
1.0278
1.0251
1.0248
1.0294
1.0251
1.0236
1.0214
1.0263
1.0184
1.0278
1.0220
1.0205
1.0294
1.0303
1.0226
1.0287
1.0318
1.0321
1.0242
1.0248
1.0324
1.0266
1.0272
1.0275
