0.8044
0.8035
0.7983
0.8014
0.8020
0.7986
0.8032
0.8069
0.8069
0.8032
0.8020
0.8075
0.7983
0.8047
0.8008
0.8075
0.8051
0.7983
0.7983
0.7983
0.8081
0.8047
0.8060
0.7996
0.7996
0.8072
0.8060
0.8069
0.8078
0.7993
0.8069
0.7990
0.8075
0.8069
0.8072
0.8047
0.7971
0.8051
0.8026
0.8029
0.8026
0.7996
0.8054
0.8051
0.8063
0.8075
0.8041
0.8051
0.8051
0.8029
0.7996
0.7980
0.7990
0.8026
0.8078
0.8054
0.8087
0.8069
0.8105
0.8075
0.8090
0.8017
0.8096
0.8078
0.8011
0.8060
0.8121
0.8014
0.8020
0.8011
0.8115
0.8038
0.8032
0.8044
0.8066
0.8084
0.8011
0.8069
0.8014
0.8032
0.8020
0.8099
0.8109
0.8023
0.8081
0.8057
0.8066
0.7999
0.8081
0.8047
0.8023
0.8109
0.8060
0.8038
0.8029
0.8008
0.8072
0.8051
0.8057
0.8066
0.8096
0.8011
0.8026
0.8090
0.8084
0.8087
0.8096
0.7993
0.8081
0.8087
0.8081
0.8078
0.8084
0.7999
0.8087
0.8008
0.8057
0.8078
0.7990
0.8017
0.8096
0.8032
0.8035
0.8014
0.8023
0.8029
0.8090
0.8038
0.7993
0.8078
0.8008
0.8026
0.8099
0.8072
0.8023
0.8093
0.8096
0.8038
0.8041
0.8075
0.8047
0.8014
0.8096
0.8096
0.8087
0.8029
0.8102
0.8112
0.8023
0.8069
0.8035
0.8069
0.8020
0.8054
0.8063
0.8054
0.8099
0.8041
0.8060
0.8038
0.8017
0.8008
0.8002
0.8099
0.8084
0.8063
0.7999
0.8084
0.8038
0.8093
0.8011
0.8102
0.8112
0.8078
0.8054
0.8041
0.8124
0.8051
0.8099
0.8112
0.8087
0.8044
0.8096
0.8087
0.8139
0.8109
0.8121
0.8115
0.8105
0.8051
0.8051
0.8093
0.8032
0.8035
0.8041
0.8075
0.8121
0.8051
0.8032
0.8002
0.8054
0.8099
0.7986
0.8029
0.8014
0.7996
0.8075
0.7980
0.7980
0.8002
0.7990
0.7965
0.7993
0.8051
0.8032
0.8020
0.7959
0.7971
0.8008
0.7990
0.7959
0.7999
0.8008
0.7974
0.7977
0.8081
0.8035
0.8081
0.8081
0.8005
0.8069
0.8011
0.8047
0.8069
0.7977
0.8020
0.8081
0.8002
0.7986
0.8032
0.8075
0.7990
0.8072
0.8072
0.8105
0.8054
0.8008
0.8051
0.8017
0.8002
0.8038
0.8041
0.8044
0.8047
0.8060
0.8130
0.8078
0.8130
0.8026
0.8084
0.8109
0.8041
0.8051
0.8084
0.8017
0.8011
0.8096
0.8020
0.8081
0.8041
0.8084
0.8121
0.8026
0.8017
0.8105
0.8011
0.7965
0.8008
0.8063
0.7999
0.8023
0.8026
0.7990
0.8069
0.8044
0.7996
0.8029
0.8069
0.8026
0.7983
0.8084
0.8096
0.7993
0.8038
0.8035
0.8069
0.8087
0.8017
0.8026
0.8044
0.8002
0.8041
0.8017
0.8096
0.8084
0.8011
0.8005
0.8078
0.8087
0.8017
0.7996
0.8090
0.8035
0.8109
0.8060
0.8112
0.8060
0.8105
0.8029
0.8057
0.8118
0.8105
0.8072
0.8109
0.8105
0.8017
0.8041
0.7986
0.8084
0.8060
0.8023
0.8084
0.8029
0.8020
0.8051
0.8032
0.8072
0.7986
0.8044
0.8029
0.8084
0.8005
0.8090
0.8084
0.7993
0.8057
0.8060
0.8115
0.8096
0.8038
0.8014
0.8099
0.8084
0.8078
0.7993
0.8047
0.8084
0.8072
0.8041
0.8078
0.8130
0.8130
0.8057
0.8109
0.8041
0.8038
0.8057
0.8142
0.8066
0.8142
0.8063
0.8063
0.8044
0.8041
0.8008
0.8078
0.8029
0.8002
0.7990
0.7977
0.8087
0.7977
0.8072
0.8038
0.8038
0.8002
0.8035
0.8057
0.7959
0.7971
0.8060
0.8038
0.8047
0.8057
0.7953
0.7974
0.8026
0.8051
0.8063
0.8032
0.8072
0.8023
0.7959
0.8038
0.8060
0.8054
0.8005
0.8038
0.7980
0.7947
0.8051
0.7993
0.8035
0.7993
0.8023
0.8051
0.8017
0.8063
0.8066
0.7980
0.8023
0.8041
0.8008
0.8026
0.8038
0.8041
0.8087
0.8041
0.7996
0.7993
0.8093
0.8084
0.8038
0.8072
0.8084
0.8005
0.8072
0.8051
0.8066
0.8014
0.8072
0.8054
0.7996
0.8047
0.8020
0.7999
0.8051
0.8014
0.8041
0.7977
0.7968
0.8047
0.7971
0.8041
0.8023
0.8026
0.7980
0.7999
0.8038
0.8041
0.8060
0.8060
0.8075
0.7993
0.8008
0.8057
0.7990
0.8023
0.7983
0.8023
0.8047
0.8105
0.8023
0.8047
0.8087
0.8017
0.8026
0.8102
0.7996
0.7999
0.8084
0.7980
0.8002
0.7986
0.8093
0.8002
0.8096
0.8032
0.8075
0.8057
0.8096
0.8075
0.8057
0.8072
0.8063
0.8044
0.8087
0.8087
0.8060
0.8026
0.7971
0.7983
0.8051
0.8023
0.7986
0.8060
0.8038
0.8081
0.7996
0.8066
0.8035
0.7980
0.8051
0.8002
0.8072
0.8105
0.8078
0.8047
0.8041
0.8081
0.8023
0.8029
0.8014
0.8041
0.8087
0.8105
0.8124
0.8121
0.8035
0.8112
0.8041
0.7999
0.8051
0.8011
0.8081
0.8023
0.8038
0.8075
0.8029
0.8020
0.8084
0.8084
0.8023
0.8078
0.8017
0.7983
0.8072
0.8008
0.8002
0.8090
0.8054
0.8020
0.7996
0.8063
0.8054
0.8066
0.8051
0.7977
0.8078
0.7993
0.8057
0.8032
0.7996
0.7965
0.7965
0.8051
0.7983
0.7938
0.7935
0.7962
0.8035
0.8047
0.7971
0.7962
0.8047
0.7983
0.8047
0.7974
0.7938
0.8060
0.7993
0.7986
0.7935
0.8047
0.8063
0.8044
0.8047
0.7968
0.8044
0.8017
0.7977
0.8081
0.8060
0.8047
0.7965
0.8060
0.8014
0.8084
0.7962
0.8044
0.8038
0.8002
0.8011
0.8008
0.8078
0.7999
0.8011
0.7999
0.8047
0.8038
0.8087
0.8057
0.8075
0.8008
0.8023
0.8047
0.7965
0.7980
0.7996
0.8014
0.8005
0.8066
0.8060
0.8035
0.8081
0.8005
0.8005
0.7986
0.8060
0.8017
0.8054
0.8002
0.7983
0.8023
0.8023
0.8087
0.7977
0.8026
0.7983
0.8093
0.8032
0.8008
0.8014
0.7986
0.8038
0.8023
0.8017
0.8002
0.8075
0.8081
0.7996
0.8047
0.7990
0.8035
0.7999
0.7990
0.8075
0.8057
0.8044
0.8029
0.8047
0.7941
0.8041
0.8054
0.8035
0.8044
0.8051
0.8038
0.7986
0.8069
0.8035
0.8051
0.8075
0.8054
0.8075
0.8084
0.8084
0.8035
0.7996
0.7977
0.8090
0.8005
0.8002
0.8109
0.8069
0.8075
0.8105
0.8075
0.8084
0.8041
0.8026
0.8121
0.8099
0.8115
0.8105
0.8109
0.8075
0.8017
0.8023
0.8136
0.8038
0.8118
0.8112
0.8099
0.8112
0.8127
0.8035
0.8060
0.8133
0.8044
0.8069
0.8133
0.8130
0.8057
0.8081
0.8084
0.8133
0.8109
0.8115
0.8060
0.8072
0.8038
0.8112
0.8063
0.8044
0.8008
0.8112
0.8041
0.8099
0.8115
0.8105
0.8133
0.8102
0.8127
0.8087
0.8060
0.8127
0.8130
0.8154
0.8044
0.8026
0.8127
0.8044
0.8047
0.8026
0.8093
0.8121
0.8047
0.8102
0.8105
0.8102
0.8115
0.8038
0.8014
0.8047
0.8093
0.7996
0.8029
0.8084
0.8093
0.8035
0.8096
0.8072
0.8075
0.8017
0.8026
0.8075
0.7980
0.8041
0.8081
0.8051
0.8096
0.8081
0.8096
0.7990
0.8060
0.8090
0.8035
0.8066
0.8020
0.8020
0.8069
0.8063
0.8023
0.8041
0.8051
0.8075
0.8038
0.8044
0.8020
0.8102
0.8008
0.8087
0.8057
0.8105
0.8109
0.8014
0.8090
0.8047
0.8081
0.8069
0.8017
0.8032
0.7990
0.7983
0.8011
0.7983
0.8081
0.8023
0.8060
0.7974
0.8075
0.8057
0.8041
0.8051
0.8008
0.7977
0.7980
0.8005
0.7993
0.8054
0.7990
0.7983
0.8023
0.8038
0.8084
0.8023
0.8078
0.8066
0.8084
0.8011
0.8072
0.8099
0.8023
0.8026
0.8011
0.8081
0.8093
0.8032
0.8014
0.8023
0.8005
0.8081
0.8063
0.8066
0.8047
0.8060
0.8060
0.8017
0.8093
0.8005
0.8008
0.8090
0.8017
0.8047
0.8105
0.8066
0.8069
0.8075
0.8075
0.8063
0.8078
0.8109
0.8069
0.8023
0.8084
0.8041
0.8105
0.8026
0.8008
0.8099
0.8087
0.8096
0.8084
0.8029
0.8093
0.8099
0.8081
0.8002
0.8090
0.8069
0.8060
0.8069
0.8078
0.7999
0.8060
0.8084
0.7968
0.8075
0.8069
0.7999
0.7999
0.8005
0.8069
0.8075
0.8038
0.8038
0.8005
0.8041
0.8023
0.8066
0.7968
0.8069
0.7959
0.7974
0.8017
0.8014
0.8017
0.8075
0.7977
0.8066
0.8093
0.8038
0.8047
0.8072
0.8029
0.8090
0.8063
0.8011
0.8090
0.8069
0.8102
0.8060
0.8054
0.8093
0.8121
0.8060
0.8102
0.8081
0.8130
0.8139
0.8124
0.8075
0.8136
0.8139
0.8051
0.8118
0.8075
0.8044
0.8096
0.8054
0.8026
0.8041
0.8124
0.8121
0.8124
0.8060
0.8066
0.8057
0.8075
0.8051
0.8032
0.8069
0.8121
0.8127
0.8002
0.8093
0.8060
0.8096
0.8038
0.8023
0.8069
0.8029
0.8099
0.8005
0.8072
0.8054
0.8066
0.8047
0.8099
0.8078
0.8008
0.8041
0.8075
0.8005
0.7986
0.8081
0.8063
0.8072
0.8060
0.8035
0.7980
0.8054
0.8038
0.8054
0.7977
0.8011
0.8066
0.8060
0.7999
0.8038
0.7986
0.8066
0.7980
0.7999
0.8047
0.8051
0.7974
0.8069
0.7950
0.8057
0.7965
0.7980
0.8023
0.7993
0.7977
0.8066
0.8081
0.8078
0.8066
0.8038
0.8066
0.8063
0.8084
0.8118
0.8054
0.8105
0.8026
0.8093
0.8115
0.8112
0.8075
0.8051
0.8084
0.8029
0.8032
0.8011
0.8090
0.8081
0.8051
0.8035
0.8023
0.8029
0.8002
0.8057
0.8054
0.8014
0.8038
0.8075
0.8096
0.8008
0.7971
0.8090
0.8084
0.8051
0.8099
0.7986
0.8035
0.8054
0.8035
0.8017
0.7986
0.8023
0.8032
0.7993
0.8008
0.7999
0.8060
0.8038
0.8078
0.8063
0.8069
0.7996
0.8069
0.8041
0.8066
0.8008
0.8060
0.8084
0.8005
0.8014
0.8011
0.7968
0.8002
0.8035
0.8057
0.8002
0.7996
0.8060
0.8014
0.8075
0.8060
0.7999
0.8047
0.8093
0.8066
0.7990
0.7986
0.8072
0.8023
0.8063
0.8054
0.8060
0.8054
0.8066
0.7999
0.8023
0.8099
0.8029
0.8078
0.8038
0.8087
0.8069
0.8029
0.8063
0.8020
0.8008
0.8084
0.8075
0.7996
0.8060
0.8069
0.8057
0.7993
0.7962
0.8047
0.7947
0.8044
0.7980
0.8017
0.8060
0.8066
0.8057
0.8023
0.7993
0.8011
0.7959
0.8057
0.8060
0.7990
0.7956
0.8057
0.7993
0.8014
0.8041
0.8057
0.8066
0.7990
0.8057
0.8014
0.8002
0.8035
0.8032
0.8081
0.7971
0.8044
0.8041
0.8060
0.8047
0.8044
0.8066
0.8084
0.8109
0.8109
0.8072
0.8102
0.8041
0.8096
0.8066
0.8093
0.8130
0.8060
0.8029
0.8115
0.8109
0.8072
0.8023
0.8121
0.8102
0.8109
0.8115
0.8069
0.8066
0.8060
0.8084
0.8109
0.8127
0.8096
0.8081
0.8078
0.8112
0.8112
0.8069
0.8023
0.8084
0.8035
0.8072
0.8102
0.8118
0.8093
0.8112
0.8099
0.8035
0.8026
0.8109
0.8057
0.8066
0.8029
0.8109
0.8069
0.8038
0.8051
0.8002
0.8041
0.8090
0.8020
0.8087
0.8081
0.8008
0.8072
0.8041
0.8057
0.8005
0.8011
0.8032
0.8017
0.8044
0.7950
0.7947
0.7993
0.8078
0.7999
0.8032
0.8072
0.8078
0.8057
0.8023
0.8011
0.8078
0.8060
0.7999
0.8072
0.8060
0.8038
0.7996
0.8005
0.8005
0.8051
0.8038
0.8023
0.8041
0.7993
0.7999
0.8008
0.8014
0.7965
0.8014
0.8066
0.8102
0.8011
0.8099
0.8075
0.8014
0.8087
0.8087
0.8081
0.8017
0.8072
0.8069
0.8002
0.8051
0.7999
0.8078
0.8072
0.8069
0.8063
0.8060
0.7947
0.8017
0.7962
0.7980
0.8017
0.8017
0.7962
0.8017
0.8044
0.7974
0.8029
0.7986
0.8011
0.7993
0.7974
0.7959
0.7971
0.8023
0.8008
0.7993
0.7941
0.7962
0.8047
0.7962
0.8020
0.7953
0.7959
0.8008
0.8047
0.8072
0.8047
0.7980
0.8026
0.7974
0.8014
0.8047
0.8020
0.8072
0.8017
0.8105
0.8087
0.7980
0.8066
0.8060
0.8035
0.7990
0.8020
0.8032
0.8005
0.8047
0.8087
0.8060
0.8069
0.8002
0.8066
0.8069
0.8044
0.8011
0.8066
0.8054
0.8072
0.7996
0.8002
0.7996
0.8069
0.8044
0.7990
0.8063
0.7983
0.7983
0.7999
0.8035
0.7968
0.7990
0.8020
0.8002
0.8063
0.8005
0.8017
0.8005
0.8084
0.8054
0.8041
0.8057
0.8078
0.8008
0.8020
0.8054
0.7996
0.8084
0.8044
0.7999
0.8060
0.8017
0.8044
0.8063
0.8060
0.8060
0.7999
0.8047
0.8112
0.8002
0.8090
0.8063
0.8054
0.8047
0.8081
0.8035
0.8032
0.8035
0.8105
0.8109
0.8023
0.8035
0.7996
0.7977
0.8032
0.8035
0.8072
0.8066
0.8069
0.8093
0.8008
0.8026
0.8017
0.8060
0.8057
0.8099
0.8008
0.8035
0.8096
0.8115
0.8044
0.8102
0.8032
0.8081
0.7986
0.8051
0.8096
0.8026
0.8109
0.8112
0.8115
0.8105
0.8115
0.8096
0.8081
0.8081
0.8090
0.8090
0.8090
0.8054
0.8105
0.8041
0.8093
0.7977
0.8072
0.7996
0.8084
0.8084
0.8090
0.8035
0.7996
0.7977
0.8090
0.8051
0.7990
0.8063
0.7986
0.8002
0.8075
0.7999
0.8075
0.8081
0.7996
0.8084
0.8090
0.8041
0.8096
0.8096
0.8044
0.8047
0.8051
0.8020
0.8047
0.8063
0.8014
0.8069
0.8139
0.8020
0.8109
0.8041
0.8087
0.8020
0.8127
0.8038
0.8115
0.8063
0.8017
0.8041
0.8005
0.8096
0.8105
0.7996
0.8002
0.8017
0.8072
0.8081
0.8020
0.8035
0.8017
0.7999
0.8060
0.8041
0.8020
0.8084
0.8081
0.8105
0.8014
0.8008
0.8011
0.8109
0.8020
0.8081
0.8105
0.8020
0.8038
0.8008
0.8096
0.8084
0.8099
0.8109
0.8008
0.8066
