0.5765
0.5817
0.5740
0.5832
0.5789
0.5795
0.5783
0.5850
0.5753
0.5798
0.5719
0.5807
0.5707
0.5817
0.5740
0.5807
0.5737
0.5722
0.5823
0.5716
0.5713
0.5750
0.5731
0.5740
0.5792
0.5756
0.5750
0.5753
0.5786
0.5719
0.5740
0.5743
0.5734
0.5814
0.5728
0.5734
0.5740
0.5801
0.5823
0.5798
0.5740
0.5826
0.5756
0.5823
0.5786
0.5832
0.5713
0.5801
0.5771
0.5807
0.5750
0.5771
0.5829
0.5795
0.5753
0.5753
0.5737
0.5719
0.5740
0.5765
0.5704
0.5792
0.5814
0.5814
0.5731
0.5713
0.5756
0.5759
0.5762
0.5792
0.5820
0.5817
0.5737
0.5771
0.5798
0.5786
0.5811
0.5731
0.5771
0.5753
0.5804
0.5798
0.5811
0.5811
0.5777
0.5722
0.5798
0.5795
0.5771
0.5746
0.5740
0.5807
0.5798
0.5807
0.5780
0.5704
0.5798
0.5795
0.5823
0.5734
0.5725
0.5743
0.5762
0.5807
0.5728
0.5786
0.5734
0.5740
0.5789
0.5753
0.5795
0.5728
0.5713
0.5713
0.5807
0.5798
0.5728
0.5728
0.5817
0.5789
0.5762
0.5719
0.5716
0.5698
0.5786
0.5710
0.5771
0.5698
0.5698
0.5698
0.5783
0.5707
0.5765
0.5765
0.5682
0.5737
0.5774
0.5698
0.5701
0.5759
0.5777
0.5722
0.5695
0.5753
0.5774
0.5774
0.5780
0.5746
0.5664
0.5789
0.5762
0.5768
0.5670
0.5710
0.5728
0.5692
0.5740
0.5789
0.5698
0.5734
0.5792
0.5707
0.5756
0.5746
0.5798
0.5774
0.5804
0.5804
0.5795
0.5795
0.5777
0.5792
0.5786
0.5798
0.5731
0.5737
0.5765
0.5789
0.5804
0.5795
0.5801
0.5768
0.5814
0.5737
0.5762
0.5804
0.5743
0.5789
0.5786
0.5710
0.5765
0.5750
0.5710
0.5786
0.5792
0.5789
0.5807
0.5777
0.5792
0.5728
0.5823
0.5734
0.5740
0.5811
0.5811
0.5826
0.5814
0.5811
0.5750
0.5753
0.5701
0.5838
0.5814
0.5792
0.5762
0.5765
0.5792
0.5698
0.5759
0.5710
0.5728
0.5743
0.5701
0.5817
0.5804
0.5792
0.5768
0.5750
0.5811
0.5820
0.5811
0.5716
0.5716
0.5759
0.5789
0.5722
0.5716
0.5768
0.5811
0.5722
0.5792
0.5817
0.5737
0.5743
0.5701
0.5795
0.5783
0.5789
0.5814
0.5692
0.5734
0.5725
0.5734
0.5798
0.5786
0.5719
0.5707
0.5774
0.5765
0.5792
0.5801
0.5725
0.5750
0.5804
0.5743
0.5746
0.5820
0.5780
0.5759
0.5780
0.5786
0.5814
0.5826
0.5814
0.5765
0.5734
0.5814
0.5731
0.5734
0.5704
0.5798
0.5722
0.5804
0.5701
0.5807
0.5789
0.5798
0.5759
0.5786
0.5765
0.5792
0.5688
0.5795
0.5713
0.5765
0.5716
0.5695
0.5743
0.5789
0.5774
0.5719
0.5728
0.5814
0.5713
0.5807
0.5722
0.5792
0.5814
0.5725
0.5807
0.5783
0.5798
0.5792
0.5759
0.5734
0.5798
0.5685
0.5789
0.5789
0.5704
0.5725
0.5707
0.5685
0.5756
0.5786
0.5811
0.5719
0.5771
0.5713
0.5786
0.5679
0.5728
0.5698
0.5692
0.5765
0.5719
0.5743
0.5789
0.5789
0.5719
0.5737
0.5734
0.5765
0.5743
0.5713
0.5801
0.5777
0.5807
0.5777
0.5762
0.5771
0.5774
0.5713
0.5731
0.5759
0.5795
0.5795
0.5786
0.5771
0.5728
0.5795
0.5804
0.5768
0.5777
0.5704
0.5771
0.5804
0.5801
0.5814
0.5753
0.5804
0.5768
0.5704
0.5798
0.5746
0.5731
0.5722
0.5804
0.5768
0.5780
0.5756
0.5722
0.5725
0.5823
0.5817
0.5792
0.5792
0.5789
0.5826
0.5817
0.5719
0.5722
0.5835
0.5771
0.5777
0.5753
0.5743
0.5823
0.5743
0.5759
0.5759
0.5746
0.5722
0.5814
0.5716
0.5783
0.5725
0.5713
0.5795
0.5707
0.5795
0.5716
0.5713
0.5688
0.5801
0.5768
0.5695
0.5774
0.5737
0.5713
0.5746
0.5695
0.5710
0.5707
0.5786
0.5704
0.5786
0.5731
0.5774
0.5676
0.5765
0.5762
0.5777
0.5716
0.5777
0.5725
0.5743
0.5737
0.5719
0.5750
0.5804
0.5725
0.5801
0.5814
0.5814
0.5716
0.5756
0.5734
0.5801
0.5798
0.5780
0.5792
0.5716
0.5722
0.5856
0.5734
0.5801
0.5774
0.5792
0.5795
0.5750
0.5746
0.5814
0.5792
0.5789
0.5786
0.5716
0.5765
0.5789
0.5789
0.5777
0.5792
0.5795
0.5679
0.5783
0.5685
0.5768
0.5774
0.5759
0.5673
0.5777
0.5688
0.5792
0.5725
0.5734
0.5710
0.5750
0.5719
0.5774
0.5692
0.5777
0.5734
0.5780
0.5783
0.5698
0.5695
0.5801
0.5795
0.5753
0.5795
0.5713
0.5704
0.5768
0.5814
0.5731
0.5795
0.5759
0.5707
0.5740
0.5750
0.5756
0.5682
0.5753
0.5731
0.5762
0.5762
0.5786
0.5765
0.5725
0.5753
0.5774
0.5768
0.5771
0.5774
0.5750
0.5777
0.5728
0.5786
0.5762
0.5704
0.5731
0.5704
0.5704
0.5740
0.5771
0.5750
0.5713
0.5670
0.5753
0.5673
0.5652
0.5692
0.5768
0.5722
0.5695
0.5725
0.5676
0.5756
0.5713
0.5704
0.5692
0.5692
0.5698
0.5728
0.5692
0.5679
0.5780
0.5762
0.5771
0.5771
0.5817
0.5786
0.5786
0.5710
0.5798
0.5789
0.5801
0.5728
0.5789
0.5682
0.5740
0.5695
0.5728
0.5780
0.5811
0.5722
0.5807
0.5734
0.5698
0.5728
0.5740
0.5801
0.5804
0.5740
0.5768
0.5801
0.5734
0.5713
0.5777
0.5777
0.5704
0.5722
0.5780
0.5737
0.5789
0.5786
0.5743
0.5707
0.5789
0.5829
0.5792
0.5832
0.5832
0.5811
0.5737
0.5835
0.5798
0.5737
0.5753
0.5798
0.5792
0.5734
0.5713
0.5804
0.5737
0.5811
0.5737
0.5716
0.5719
0.5734
0.5795
0.5774
0.5740
0.5734
0.5762
0.5728
0.5786
0.5731
0.5710
0.5750
0.5679
0.5734
0.5792
0.5707
0.5743
0.5768
0.5789
0.5728
0.5807
0.5789
0.5734
0.5777
0.5801
0.5783
0.5768
0.5765
0.5762
0.5695
0.5740
0.5786
0.5786
0.5759
0.5792
0.5789
0.5759
0.5707
0.5716
0.5768
0.5743
0.5789
0.5704
0.5734
0.5731
0.5777
0.5728
0.5774
0.5707
0.5774
0.5719
0.5679
0.5716
0.5780
0.5728
0.5698
0.5786
0.5695
0.5762
0.5780
0.5762
0.5792
0.5679
0.5737
0.5719
0.5780
0.5771
0.5765
0.5737
0.5777
0.5713
0.5737
0.5713
0.5789
0.5722
0.5798
0.5798
0.5792
0.5771
0.5692
0.5801
0.5771
0.5746
0.5713
0.5698
0.5807
0.5804
0.5823
0.5753
0.5716
0.5719
0.5759
0.5728
0.5753
0.5734
0.5692
0.5722
0.5774
0.5777
0.5823
0.5786
0.5725
0.5688
0.5811
0.5707
0.5795
0.5804
0.5704
0.5783
0.5798
0.5698
0.5811
0.5685
0.5679
0.5734
0.5725
0.5807
0.5737
0.5731
0.5756
0.5786
0.5789
0.5783
0.5786
0.5756
0.5716
0.5789
0.5704
0.5728
0.5707
0.5746
0.5795
0.5801
0.5725
0.5814
0.5765
0.5746
0.5734
0.5719
0.5780
0.5777
0.5737
0.5743
0.5817
0.5792
0.5801
0.5753
0.5759
0.5725
0.5750
0.5783
0.5795
0.5737
0.5789
0.5783
0.5792
0.5792
0.5762
0.5746
0.5789
0.5740
0.5734
0.5820
0.5804
0.5804
0.5811
0.5750
0.5804
0.5817
0.5814
0.5762
0.5814
0.5750
0.5753
0.5820
0.5731
0.5780
0.5789
0.5762
0.5737
0.5783
0.5753
0.5841
0.5817
0.5804
0.5817
0.5756
0.5826
0.5750
0.5740
0.5746
0.5823
0.5817
0.5798
0.5792
0.5823
0.5811
0.5734
0.5811
0.5801
0.5811
0.5798
0.5829
0.5722
0.5728
0.5832
0.5795
0.5795
0.5753
0.5746
0.5826
0.5765
0.5792
0.5783
0.5783
0.5807
0.5716
0.5814
0.5807
0.5807
0.5746
0.5734
0.5756
0.5814
0.5807
0.5823
0.5814
0.5756
0.5814
0.5807
0.5814
0.5798
0.5756
0.5725
0.5804
0.5740
0.5750
0.5734
0.5722
0.5804
0.5814
0.5768
0.5719
0.5698
0.5762
0.5777
0.5826
0.5746
0.5750
0.5777
0.5731
0.5814
0.5801
0.5807
0.5765
0.5777
0.5807
0.5756
0.5725
0.5786
0.5734
0.5743
0.5731
0.5783
0.5811
0.5783
0.5734
0.5707
0.5771
0.5765
0.5795
0.5704
0.5798
0.5811
0.5737
0.5801
0.5774
0.5795
0.5807
0.5707
0.5740
0.5820
0.5798
0.5792
0.5743
0.5795
0.5789
0.5759
0.5688
0.5698
0.5780
0.5768
0.5804
0.5753
0.5786
0.5692
0.5765
0.5682
0.5725
0.5798
0.5774
0.5731
0.5707
0.5804
0.5804
0.5811
0.5743
0.5753
0.5695
0.5740
0.5746
0.5811
0.5789
0.5762
0.5801
0.5750
0.5725
0.5725
0.5716
0.5798
0.5740
0.5750
0.5801
0.5786
0.5795
0.5795
0.5811
0.5795
0.5814
0.5774
0.5795
0.5801
0.5698
0.5722
0.5750
0.5804
0.5765
0.5814
0.5780
0.5811
0.5780
0.5731
0.5728
0.5713
0.5811
0.5811
0.5740
0.5807
0.5765
0.5786
0.5722
0.5707
0.5777
0.5768
0.5804
0.5728
0.5716
0.5731
0.5804
0.5783
0.5688
0.5807
0.5777
0.5695
0.5801
0.5722
0.5740
0.5728
0.5722
0.5707
0.5783
0.5695
0.5801
0.5698
0.5725
0.5765
0.5725
0.5792
0.5762
0.5707
0.5777
0.5719
0.5786
0.5783
0.5688
0.5728
0.5789
0.5707
0.5716
0.5789
0.5817
0.5814
0.5817
0.5737
0.5804
0.5820
0.5734
0.5817
0.5716
0.5725
0.5786
0.5795
0.5811
0.5783
0.5814
0.5777
0.5716
0.5746
0.5780
0.5792
0.5722
0.5817
0.5759
0.5719
0.5740
0.5768
0.5789
0.5814
0.5746
0.5731
0.5740
0.5734
0.5792
0.5722
0.5728
0.5774
0.5698
0.5737
0.5801
0.5716
0.5698
0.5737
0.5783
0.5780
0.5688
0.5740
0.5795
0.5734
0.5807
0.5798
0.5826
0.5756
0.5701
0.5786
0.5740
0.5737
0.5795
0.5737
0.5716
0.5804
0.5713
0.5811
0.5771
0.5762
0.5722
0.5783
0.5771
0.5756
0.5728
0.5734
0.5783
0.5765
0.5777
0.5792
0.5783
0.5811
0.5725
0.5701
0.5692
0.5801
0.5759
0.5753
0.5814
0.5719
0.5759
0.5710
0.5759
0.5716
0.5707
0.5786
0.5807
0.5698
0.5710
0.5811
0.5811
0.5713
0.5704
0.5829
0.5746
0.5728
0.5820
0.5814
0.5811
0.5740
0.5762
0.5807
0.5774
0.5814
0.5756
0.5817
0.5823
0.5774
0.5746
0.5804
0.5768
0.5798
0.5814
0.5801
0.5811
0.5804
0.5811
0.5753
0.5750
0.5804
0.5719
0.5731
0.5768
0.5792
0.5695
0.5768
0.5768
0.5777
0.5734
0.5701
0.5734
0.5713
0.5704
0.5725
0.5795
0.5801
0.5719
0.5771
0.5777
0.5820
0.5798
0.5728
0.5804
0.5762
0.5713
0.5789
0.5722
0.5716
0.5811
0.5789
0.5740
0.5685
0.5795
0.5774
0.5765
0.5768
0.5798
0.5722
0.5725
0.5783
0.5716
0.5707
0.5722
0.5734
0.5728
0.5786
0.5737
0.5728
0.5722
0.5780
0.5743
0.5750
0.5698
0.5771
0.5774
0.5771
0.5737
0.5701
0.5814
0.5719
0.5685
0.5701
0.5780
0.5798
0.5713
0.5701
0.5801
0.5807
0.5811
0.5811
0.5737
0.5795
0.5734
0.5707
0.5719
0.5774
0.5737
0.5704
0.5701
0.5762
0.5783
0.5716
0.5746
0.5728
0.5740
0.5722
0.5701
0.5780
0.5685
0.5780
0.5783
0.5768
0.5786
0.5774
0.5750
0.5795
0.5762
0.5740
0.5740
0.5701
0.5667
0.5777
0.5762
0.5701
0.5685
0.5762
0.5710
0.5753
0.5704
0.5768
0.5792
0.5716
0.5786
0.5783
0.5780
0.5746
0.5768
0.5722
0.5679
0.5734
0.5777
0.5753
0.5759
0.5792
0.5795
0.5743
0.5750
0.5704
0.5728
0.5734
0.5716
0.5795
0.5795
0.5713
0.5725
0.5768
0.5728
0.5814
0.5801
0.5737
0.5704
0.5692
0.5734
0.5807
0.5807
0.5746
0.5777
0.5740
0.5801
0.5740
0.5807
0.5817
0.5725
0.5768
0.5771
0.5753
0.5725
0.5792
0.5707
0.5795
0.5789
0.5685
0.5801
0.5746
0.5814
0.5722
0.5783
0.5804
0.5713
0.5789
0.5762
0.5692
0.5746
0.5795
0.5786
0.5777
0.5801
0.5737
0.5756
0.5792
0.5737
0.5740
0.5728
0.5704
0.5734
0.5814
0.5795
0.5795
0.5704
0.5792
0.5731
0.5756
0.5743
0.5719
0.5807
0.5737
0.5804
0.5780
0.5710
0.5725
0.5719
0.5780
0.5716
0.5789
0.5798
0.5789
0.5777
0.5795
0.5789
0.5789
0.5771
0.5698
0.5795
0.5786
0.5774
0.5750
0.5728
0.5783
0.5725
0.5716
0.5771
0.5716
0.5762
0.5692
0.5728
0.5795
0.5728
0.5789
0.5783
0.5734
0.5707
0.5811
0.5756
0.5777
0.5811
0.5750
0.5811
0.5811
0.5762
0.5768
0.5835
0.5734
0.5817
0.5811
0.5826
0.5829
0.5838
0.5835
0.5774
0.5780
0.5780
0.5789
0.5737
0.5789
0.5811
0.5740
0.5728
0.5746
0.5753
0.5823
0.5704
0.5750
0.5789
0.5801
0.5798
0.5817
0.5750
0.5762
0.5811
0.5759
0.5798
0.5777
0.5765
0.5725
0.5725
0.5801
0.5695
0.5798
0.5728
0.5817
0.5795
0.5713
0.5734
0.5750
0.5725
0.5768
0.5823
0.5814
0.5743
0.5777
0.5829
0.5716
0.5814
0.5817
0.5820
0.5731
0.5759
0.5826
0.5811
0.5777
0.5728
0.5722
0.5734
0.5731
0.5731
0.5826
0.5789
0.5804
0.5807
0.5792
0.5780
0.5722
0.5753
0.5765
0.5753
0.5807
0.5737
0.5801
0.5701
0.5728
0.5774
0.5716
0.5753
0.5786
0.5753
0.5716
0.5753
0.5753
0.5795
0.5725
0.5707
0.5798
0.5725
0.5725
0.5740
0.5722
0.5716
0.5746
0.5765
0.5795
0.5725
0.5798
0.5807
0.5716
0.5783
0.5768
0.5777
0.5807
0.5795
0.5719
0.5753
0.5750
0.5823
0.5740
0.5780
0.5814
0.5704
0.5737
0.5743
0.5820
0.5743
0.5698
0.5811
0.5835
0.5795
0.5710
0.5823
0.5756
0.5722
0.5823
