0.5582
0.5560
0.5490
0.5579
0.5527
0.5496
0.5527
0.5582
0.5521
0.5576
0.5579
0.5542
0.5524
0.5569
0.5527
0.5487
0.5496
0.5530
0.5551
0.5481
0.5563
0.5554
0.5536
0.5560
0.5484
0.5472
0.5505
0.5524
0.5493
0.5533
0.5560
0.5502
0.5554
0.5484
0.5469
0.5545
0.5478
0.5542
0.5554
0.5487
0.5469
0.5487
0.5521
0.5545
0.5475
0.5545
0.5484
0.5508
0.5481
0.5557
0.5563
0.5487
0.5569
0.5557
0.5569
0.5505
0.5569
0.5505
0.5524
0.5490
0.5569
0.5566
0.5566
0.5527
0.5548
0.5533
0.5542
0.5521
0.5521
0.5463
0.5502
0.5508
0.5551
0.5566
0.5487
0.5554
0.5502
0.5566
0.5542
0.5542
0.5524
0.5573
0.5548
0.5502
0.5560
0.5521
0.5530
0.5490
0.5548
0.5573
0.5484
0.5566
0.5563
0.5527
0.5560
0.5481
0.5554
0.5542
0.5481
0.5527
0.5536
0.5453
0.5563
0.5533
0.5582
0.5573
0.5554
0.5505
0.5472
0.5539
0.5569
0.5542
0.5569
0.5521
0.5502
0.5566
0.5521
0.5557
0.5447
0.5521
0.5554
0.5518
0.5536
0.5554
0.5463
0.5460
0.5566
0.5493
0.5499
0.5457
0.5472
0.5569
0.5524
0.5457
0.5533
0.5530
0.5508
0.5457
0.5533
0.5533
0.5475
0.5545
0.5557
0.5539
0.5551
0.5551
0.5566
0.5527
0.5478
0.5542
0.5539
0.5566
0.5499
0.5554
0.5475
0.5527
0.5551
0.5539
0.5560
0.5545
0.5481
0.5551
0.5478
0.5533
0.5505
0.5457
0.5530
0.5527
0.5548
0.5521
0.5563
0.5527
0.5496
0.5453
0.5487
0.5521
0.5502
0.5496
0.5557
0.5511
0.5524
0.5551
0.5475
0.5463
0.5557
0.5518
0.5469
0.5566
0.5588
0.5560
0.5573
0.5579
0.5521
0.5573
0.5518
0.5670
0.5594
0.5533
0.5591
0.5600
0.5594
0.5573
0.5594
0.5484
0.5582
0.5533
0.5536
0.5582
0.5493
0.5536
0.5508
0.5579
0.5582
0.5499
0.5551
0.5472
0.5469
0.5566
0.5588
0.5502
0.5573
0.5563
0.5481
0.5576
0.5496
0.5481
0.5496
0.5478
0.5594
0.5576
0.5505
0.5551
0.5481
0.5542
0.5502
0.5502
0.5490
0.5566
0.5499
0.5511
0.5496
0.5481
0.5533
0.5533
0.5524
0.5481
0.5508
0.5499
0.5530
0.5569
0.5573
0.5566
0.5508
0.5518
0.5554
0.5548
0.5566
0.5518
0.5573
0.5569
0.5515
0.5557
0.5576
0.5536
0.5576
0.5563
0.5481
0.5481
0.5493
0.5566
0.5557
0.5511
0.5521
0.5469
0.5496
0.5536
0.5511
0.5493
0.5515
0.5579
0.5551
0.5576
0.5511
0.5530
0.5569
0.5521
0.5591
0.5536
0.5493
0.5530
0.5518
0.5579
0.5579
0.5502
0.5530
0.5487
0.5609
0.5579
0.5569
0.5508
0.5573
0.5566
0.5545
0.5530
0.5515
0.5539
0.5585
0.5524
0.5499
0.5597
0.5472
0.5530
0.5542
0.5566
0.5563
0.5557
0.5554
0.5511
0.5560
0.5518
0.5573
0.5563
0.5566
0.5569
0.5576
0.5548
0.5576
0.5475
0.5566
0.5478
0.5557
0.5551
0.5533
0.5518
0.5496
0.5554
0.5484
0.5542
0.5484
0.5545
0.5536
0.5542
0.5484
0.5481
0.5496
0.5505
0.5554
0.5490
0.5545
0.5545
0.5453
0.5551
0.5496
0.5527
0.5502
0.5536
0.5481
0.5530
0.5441
0.5518
0.5469
0.5518
0.5475
0.5533
0.5484
0.5463
0.5536
0.5521
0.5502
0.5557
0.5463
0.5521
0.5551
0.5502
0.5551
0.5493
0.5466
0.5539
0.5496
0.5472
0.5551
0.5496
0.5573
0.5505
0.5579
0.5545
0.5551
0.5585
0.5484
0.5576
0.5490
0.5502
0.5579
0.5539
0.5576
0.5576
0.5502
0.5515
0.5466
0.5594
0.5576
0.5487
0.5576
0.5530
0.5493
0.5569
0.5557
0.5576
0.5490
0.5493
0.5527
0.5545
0.5472
0.5569
0.5502
0.5563
0.5560
0.5563
0.5548
0.5463
0.5576
0.5533
0.5484
0.5560
0.5472
0.5566
0.5560
0.5493
0.5557
0.5508
0.5545
0.5496
0.5496
0.5515
0.5484
0.5496
0.5487
0.5560
0.5530
0.5493
0.5573
0.5557
0.5573
0.5582
0.5557
0.5573
0.5566
0.5499
0.5551
0.5487
0.5499
0.5511
0.5508
0.5563
0.5548
0.5569
0.5576
0.5499
0.5496
0.5573
0.5579
0.5499
0.5527
0.5478
0.5542
0.5588
0.5499
0.5490
0.5457
0.5508
0.5533
0.5557
0.5557
0.5496
0.5554
0.5554
0.5551
0.5560
0.5518
0.5533
0.5493
0.5515
0.5566
0.5582
0.5560
0.5481
0.5484
0.5515
0.5511
0.5569
0.5551
0.5551
0.5508
0.5591
0.5496
0.5576
0.5551
0.5539
0.5493
0.5536
0.5490
0.5481
0.5542
0.5469
0.5475
0.5493
0.5557
0.5496
0.5539
0.5527
0.5472
0.5472
0.5518
0.5435
0.5472
0.5460
0.5545
0.5530
0.5554
0.5493
0.5533
0.5518
0.5566
0.5569
0.5463
0.5511
0.5481
0.5563
0.5487
0.5469
0.5554
0.5551
0.5557
0.5527
0.5527
0.5496
0.5466
0.5545
0.5524
0.5563
0.5557
0.5499
0.5502
0.5478
0.5551
0.5484
0.5573
0.5469
0.5466
0.5472
0.5527
0.5548
0.5563
0.5475
0.5557
0.5466
0.5554
0.5515
0.5560
0.5566
0.5557
0.5527
0.5521
0.5582
0.5487
0.5493
0.5536
0.5539
0.5515
0.5457
0.5487
0.5521
0.5560
0.5566
0.5521
0.5463
0.5484
0.5569
0.5573
0.5502
0.5542
0.5484
0.5453
0.5466
0.5566
0.5566
0.5545
0.5566
0.5469
0.5487
0.5521
0.5563
0.5579
0.5490
0.5511
0.5573
0.5576
0.5472
0.5545
0.5545
0.5530
0.5481
0.5469
0.5481
0.5566
0.5551
0.5563
0.5472
0.5548
0.5533
0.5466
0.5548
0.5457
0.5478
0.5551
0.5472
0.5469
0.5551
0.5493
0.5545
0.5530
0.5469
0.5505
0.5469
0.5478
0.5481
0.5542
0.5524
0.5490
0.5499
0.5542
0.5551
0.5557
0.5530
0.5551
0.5545
0.5557
0.5545
0.5518
0.5542
0.5557
0.5539
0.5551
0.5490
0.5469
0.5508
0.5566
0.5563
0.5563
0.5521
0.5548
0.5527
0.5505
0.5472
0.5499
0.5569
0.5508
0.5566
0.5560
0.5484
0.5508
0.5548
0.5557
0.5463
0.5478
0.5484
0.5551
0.5560
0.5573
0.5566
0.5518
0.5566
0.5490
0.5545
0.5530
0.5511
0.5496
0.5505
0.5487
0.5499
0.5490
0.5566
0.5591
0.5539
0.5493
0.5548
0.5505
0.5539
0.5569
0.5515
0.5576
0.5487
0.5573
0.5493
0.5472
0.5521
0.5463
0.5511
0.5597
0.5511
0.5539
0.5569
0.5579
0.5563
0.5484
0.5478
0.5502
0.5576
0.5594
0.5524
0.5566
0.5573
0.5576
0.5588
0.5594
0.5582
0.5588
0.5576
0.5511
0.5585
0.5579
0.5524
0.5490
0.5548
0.5469
0.5505
0.5573
0.5563
0.5579
0.5521
0.5518
0.5472
0.5576
0.5573
0.5530
0.5569
0.5505
0.5579
0.5579
0.5490
0.5569
0.5554
0.5573
0.5539
0.5563
0.5566
0.5508
0.5588
0.5569
0.5569
0.5600
0.5508
0.5524
0.5551
0.5527
0.5521
0.5536
0.5499
0.5545
0.5585
0.5548
0.5554
0.5484
0.5533
0.5530
0.5521
0.5551
0.5588
0.5563
0.5585
0.5576
0.5481
0.5566
0.5490
0.5563
0.5493
0.5460
0.5563
0.5487
0.5551
0.5496
0.5582
0.5536
0.5557
0.5493
0.5557
0.5487
0.5573
0.5542
0.5569
0.5566
0.5576
0.5521
0.5460
0.5573
0.5490
0.5484
0.5554
0.5508
0.5521
0.5576
0.5551
0.5548
0.5566
0.5475
0.5539
0.5588
0.5576
0.5511
0.5496
0.5594
0.5518
0.5576
0.5508
0.5569
0.5527
0.5524
0.5457
0.5563
0.5496
0.5536
0.5573
0.5487
0.5499
0.5481
0.5554
0.5551
0.5566
0.5551
0.5475
0.5530
0.5563
0.5481
0.5557
0.5496
0.5551
0.5521
0.5487
0.5475
0.5490
0.5469
0.5585
0.5472
0.5566
0.5573
0.5511
0.5548
0.5490
0.5566
0.5505
0.5527
0.5481
0.5560
0.5566
0.5502
0.5511
0.5487
0.5518
0.5469
0.5563
0.5496
0.5496
0.5566
0.5472
0.5441
0.5560
0.5518
0.5457
0.5481
0.5521
0.5508
0.5539
0.5499
0.5560
0.5566
0.5573
0.5569
0.5499
0.5566
0.5481
0.5554
0.5508
0.5539
0.5545
0.5563
0.5557
0.5560
0.5518
0.5569
0.5582
0.5576
0.5478
0.5457
0.5573
0.5582
0.5542
0.5554
0.5536
0.5554
0.5505
0.5484
0.5542
0.5563
0.5560
0.5505
0.5533
0.5557
0.5576
0.5493
0.5576
0.5566
0.5566
0.5533
0.5557
0.5588
0.5579
0.5508
0.5487
0.5554
0.5502
0.5533
0.5557
0.5548
0.5478
0.5484
0.5481
0.5560
0.5496
0.5505
0.5569
0.5551
0.5505
0.5542
0.5521
0.5548
0.5505
0.5554
0.5505
0.5472
0.5560
0.5518
0.5496
0.5539
0.5524
0.5469
0.5554
0.5481
0.5557
0.5515
0.5508
0.5521
0.5551
0.5502
0.5563
0.5551
0.5551
0.5502
0.5518
0.5487
0.5530
0.5566
0.5569
0.5481
0.5490
0.5569
0.5566
0.5496
0.5469
0.5472
0.5481
0.5453
0.5472
0.5551
0.5566
0.5551
0.5554
0.5508
0.5487
0.5515
0.5490
0.5591
0.5484
0.5527
0.5518
0.5603
0.5582
0.5600
0.5591
0.5502
0.5603
0.5505
0.5557
0.5484
0.5569
0.5539
0.5566
0.5524
0.5582
0.5566
0.5573
0.5569
0.5508
0.5472
0.5457
0.5542
0.5493
0.5469
0.5481
0.5536
0.5530
0.5511
0.5466
0.5542
0.5493
0.5505
0.5450
0.5457
0.5484
0.5527
0.5457
0.5499
0.5551
0.5499
0.5463
0.5542
0.5472
0.5566
0.5542
0.5524
0.5554
0.5554
0.5490
0.5551
0.5545
0.5521
0.5557
0.5484
0.5484
0.5466
0.5533
0.5508
0.5545
0.5487
0.5539
0.5545
0.5466
0.5557
0.5475
0.5521
0.5557
0.5505
0.5466
0.5457
0.5527
0.5551
0.5499
0.5557
0.5515
0.5478
0.5453
0.5530
0.5557
0.5527
0.5521
0.5579
0.5563
0.5481
0.5493
0.5527
0.5557
0.5530
0.5579
0.5490
0.5539
0.5573
0.5557
0.5533
0.5569
0.5505
0.5557
0.5569
0.5557
0.5566
0.5563
0.5518
0.5563
0.5579
0.5554
0.5576
0.5573
0.5545
0.5536
0.5576
0.5542
0.5508
0.5490
0.5573
0.5484
0.5481
0.5521
0.5511
0.5518
0.5557
0.5563
0.5463
0.5511
0.5505
0.5493
0.5576
0.5569
0.5511
0.5582
0.5484
0.5508
0.5536
0.5527
0.5576
0.5588
0.5551
0.5579
0.5511
0.5579
0.5588
0.5521
0.5573
0.5557
0.5490
0.5594
0.5502
0.5591
0.5597
0.5527
0.5469
0.5594
0.5542
0.5490
0.5518
0.5585
0.5469
0.5481
0.5560
0.5521
0.5524
0.5524
0.5536
0.5554
0.5533
0.5563
0.5579
0.5487
0.5521
0.5569
0.5576
0.5557
0.5511
0.5582
0.5582
0.5545
0.5539
0.5585
0.5582
0.5573
0.5490
0.5521
0.5469
0.5542
0.5566
0.5527
0.5569
0.5554
0.5518
0.5542
0.5472
0.5560
0.5518
0.5569
0.5496
0.5551
0.5490
0.5573
0.5511
0.5573
0.5560
0.5472
0.5557
0.5490
0.5466
0.5545
0.5569
0.5576
0.5487
0.5518
0.5499
0.5487
0.5566
0.5530
0.5490
0.5569
0.5539
0.5478
0.5508
0.5551
0.5539
0.5496
0.5447
0.5475
0.5554
0.5542
0.5536
0.5472
0.5554
0.5469
0.5499
0.5524
0.5530
0.5469
0.5508
0.5524
0.5539
0.5511
0.5460
0.5484
0.5545
0.5484
0.5502
0.5563
0.5524
0.5533
0.5472
0.5518
0.5530
0.5481
0.5499
0.5551
0.5576
0.5563
0.5576
0.5484
0.5530
0.5576
0.5557
0.5490
0.5560
0.5548
0.5502
0.5576
0.5518
0.5475
0.5493
0.5502
0.5518
0.5496
0.5579
0.5533
0.5536
0.5539
0.5576
0.5542
0.5490
0.5447
0.5493
0.5527
0.5511
0.5475
0.5551
0.5475
0.5533
0.5524
0.5554
0.5450
0.5499
0.5475
0.5460
0.5551
0.5548
0.5493
0.5545
0.5502
0.5447
0.5551
0.5453
0.5573
0.5554
0.5484
0.5460
0.5527
0.5569
0.5508
0.5496
0.5569
0.5527
0.5566
0.5557
0.5490
0.5472
0.5554
0.5478
0.5527
0.5463
0.5530
0.5505
0.5557
0.5557
0.5560
0.5499
0.5557
0.5472
0.5447
0.5539
0.5548
0.5563
0.5490
0.5566
0.5569
0.5457
0.5566
0.5579
0.5469
0.5557
0.5533
0.5542
0.5508
0.5466
0.5481
0.5478
0.5490
0.5542
0.5582
0.5579
0.5542
0.5530
0.5490
0.5466
0.5557
0.5499
0.5582
0.5472
0.5563
0.5478
0.5527
0.5499
0.5542
0.5545
0.5484
0.5484
0.5554
0.5545
0.5502
0.5493
0.5521
0.5499
0.5560
0.5569
0.5533
0.5493
0.5505
0.5554
0.5548
0.5493
0.5518
0.5563
0.5573
0.5484
0.5515
0.5569
0.5579
0.5594
0.5505
0.5502
0.5563
0.5524
0.5551
0.5511
0.5545
0.5511
0.5524
0.5554
0.5588
0.5515
0.5508
0.5505
0.5576
0.5490
0.5554
0.5582
0.5594
0.5527
0.5518
0.5530
0.5582
0.5606
0.5588
0.5521
0.5600
0.5566
0.5490
0.5582
0.5597
0.5539
0.5539
0.5536
0.5560
0.5585
0.5545
0.5511
0.5496
0.5536
0.5539
0.5457
0.5548
0.5518
0.5536
0.5457
0.5554
0.5539
0.5545
0.5551
0.5524
0.5481
0.5548
0.5530
0.5499
0.5493
0.5511
0.5502
0.5499
0.5560
0.5493
0.5499
0.5505
0.5453
0.5560
0.5551
0.5484
0.5472
0.5466
0.5496
0.5508
0.5505
0.5484
0.5481
0.5566
0.5524
0.5579
0.5469
0.5469
0.5496
0.5557
0.5478
0.5515
0.5502
0.5554
0.5511
0.5502
0.5539
0.5478
0.5502
0.5508
0.5573
0.5511
0.5545
0.5508
0.5499
0.5493
0.5527
0.5490
0.5511
0.5508
0.5478
0.5481
0.5508
0.5511
0.5579
0.5511
0.5554
0.5496
0.5524
0.5588
0.5560
0.5502
0.5490
0.5487
0.5475
0.5566
0.5469
0.5484
0.5511
0.5511
0.5463
0.5490
0.5554
0.5554
0.5548
0.5453
0.5566
0.5527
0.5554
0.5484
0.5475
0.5505
0.5502
0.5493
