0.8340
0.8328
0.8267
0.8276
0.8264
0.8237
0.8231
0.8292
0.8316
0.8234
0.8322
0.8347
0.8261
0.8347
0.8344
0.8319
0.8295
0.8279
0.8319
0.8340
0.8334
0.8218
0.8301
0.8350
0.8344
0.8252
0.8279
0.8328
0.8273
0.8307
0.8261
0.8325
0.8331
0.8255
0.8292
0.8282
0.8255
0.8276
0.8331
0.8273
0.8328
0.8279
0.8340
0.8276
0.8340
0.8295
0.8286
0.8255
0.8243
0.8295
0.8246
0.8319
0.8328
0.8279
0.8340
0.8307
0.8231
0.8319
0.8319
0.8322
0.8328
0.8319
0.8310
0.8282
0.8328
0.8267
0.8255
0.8240
0.8331
0.8362
0.8286
0.8289
0.8344
0.8282
0.8313
0.8267
0.8261
0.8273
0.8337
0.8337
0.8295
0.8334
0.8295
0.8298
0.8350
0.8261
0.8276
0.8286
0.8292
0.8334
0.8258
0.8334
0.8267
0.8292
0.8325
0.8340
0.8237
0.8267
0.8255
0.8328
0.8267
0.8276
0.8221
0.8331
0.8325
0.8240
0.8270
0.8292
0.8304
0.8325
0.8292
0.8237
0.8264
0.8282
0.8331
0.8319
0.8221
0.8304
0.8289
0.8264
0.8319
0.8243
0.8249
0.8279
0.8319
0.8350
0.8313
0.8295
0.8228
0.8340
0.8255
0.8282
0.8334
0.8261
0.8252
0.8319
0.8322
0.8249
0.8325
0.8344
0.8243
0.8282
0.8337
0.8286
0.8328
0.8325
0.8267
0.8337
0.8325
0.8267
0.8301
0.8328
0.8276
0.8292
0.8347
0.8331
0.8292
0.8334
0.8273
0.8246
0.8325
0.8337
0.8255
0.8301
0.8316
0.8264
0.8325
0.8231
0.8246
0.8328
0.8243
0.8255
0.8231
0.8264
0.8279
0.8255
0.8325
0.8286
0.8270
0.8322
0.8328
0.8334
0.8304
0.8264
0.8325
0.8304
0.8301
0.8328
0.8344
0.8267
0.8325
0.8289
0.8267
0.8316
0.8310
0.8240
0.8325
0.8270
0.8337
0.8319
0.8331
0.8273
0.8313
0.8261
0.8301
0.8276
0.8240
0.8252
0.8313
0.8276
0.8344
0.8264
0.8264
0.8313
0.8286
0.8261
0.8258
0.8279
0.8231
0.8264
0.8255
0.8319
0.8246
0.8334
0.8325
0.8340
0.8298
0.8252
0.8331
0.8264
0.8267
0.8264
0.8261
0.8331
0.8310
0.8215
0.8267
0.8240
0.8249
0.8261
0.8313
0.8279
0.8356
0.8310
0.8289
0.8243
0.8344
0.8249
0.8261
0.8270
0.8270
0.8359
0.8304
0.8344
0.8356
0.8292
0.8347
0.8325
0.8347
0.8286
0.8276
0.8319
0.8276
0.8286
0.8347
0.8270
0.8344
0.8292
0.8249
0.8279
0.8267
0.8267
0.8286
0.8301
0.8267
0.8276
0.8240
0.8340
0.8258
0.8246
0.8319
0.8316
0.8289
0.8246
0.8286
0.8255
0.8218
0.8340
0.8328
0.8255
0.8273
0.8304
0.8301
0.8295
0.8334
0.8334
0.8319
0.8249
0.8322
0.8334
0.8267
0.8240
0.8301
0.8307
0.8276
0.8289
0.8264
0.8282
0.8331
0.8337
0.8353
0.8264
0.8316
0.8325
0.8276
0.8350
0.8292
0.8252
0.8252
0.8292
0.8240
0.8273
0.8252
0.8356
0.8301
0.8289
0.8243
0.8356
0.8353
0.8304
0.8319
0.8340
0.8282
0.8307
0.8383
0.8301
0.8295
0.8267
0.8295
0.8359
0.8292
0.8377
0.8313
0.8313
0.8359
0.8286
0.8356
0.8279
0.8334
0.8371
0.8331
0.8304
0.8340
0.8289
0.8310
0.8386
0.8313
0.8322
0.8377
0.8344
0.8316
0.8365
0.8347
0.8313
0.8356
0.8310
0.8389
0.8334
0.8344
0.8380
0.8292
0.8276
0.8255
0.8282
0.8273
0.8313
0.8301
0.8337
0.8246
0.8264
0.8328
0.8350
0.8328
0.8270
0.8289
0.8356
0.8301
0.8353
0.8340
0.8365
0.8328
0.8286
0.8347
0.8365
0.8359
0.8264
0.8310
0.8310
0.8264
0.8337
0.8276
0.8353
0.8270
0.8301
0.8286
0.8331
0.8307
0.8252
0.8261
0.8295
0.8252
0.8273
0.8337
0.8279
0.8276
0.8273
0.8310
0.8347
0.8313
0.8353
0.8267
0.8286
0.8267
0.8292
0.8289
0.8301
0.8344
0.8316
0.8264
0.8344
0.8255
0.8347
0.8325
0.8261
0.8313
0.8322
0.8289
0.8325
0.8228
0.8337
0.8331
0.8331
0.8304
0.8221
0.8255
0.8322
0.8270
0.8325
0.8328
0.8304
0.8270
0.8319
0.8258
0.8215
0.8322
0.8292
0.8325
0.8279
0.8249
0.8231
0.8270
0.8270
0.8313
0.8337
0.8231
0.8298
0.8328
0.8279
0.8319
0.8215
0.8319
0.8240
0.8331
0.8331
0.8350
0.8255
0.8282
0.8337
0.8319
0.8279
0.8344
0.8258
0.8289
0.8289
0.8313
0.8319
0.8319
0.8328
0.8331
0.8310
0.8331
0.8218
0.8218
0.8224
0.8276
0.8218
0.8221
0.8310
0.8301
0.8279
0.8252
0.8292
0.8316
0.8264
0.8258
0.8328
0.8276
0.8304
0.8270
0.8347
0.8264
0.8331
0.8282
0.8292
0.8340
0.8337
0.8359
0.8313
0.8316
0.8359
0.8267
0.8313
0.8340
0.8295
0.8368
0.8359
0.8276
0.8261
0.8267
0.8255
0.8334
0.8344
0.8359
0.8371
0.8298
0.8267
0.8286
0.8337
0.8359
0.8368
0.8328
0.8292
0.8292
0.8292
0.8292
0.8377
0.8273
0.8267
0.8365
0.8310
0.8359
0.8270
0.8319
0.8356
0.8325
0.8301
0.8350
0.8267
0.8337
0.8353
0.8310
0.8347
0.8289
0.8337
0.8276
0.8286
0.8289
0.8286
0.8347
0.8331
0.8286
0.8252
0.8319
0.8347
0.8298
0.8307
0.8304
0.8356
0.8310
0.8368
0.8353
0.8322
0.8252
0.8310
0.8304
0.8377
0.8374
0.8356
0.8279
0.8316
0.8310
0.8334
0.8371
0.8383
0.8362
0.8331
0.8316
0.8377
0.8374
0.8313
0.8371
0.8270
0.8365
0.8386
0.8362
0.8298
0.8301
0.8301
0.8386
0.8340
0.8267
0.8298
0.8292
0.8282
0.8270
0.8276
0.8362
0.8313
0.8328
0.8316
0.8356
0.8362
0.8362
0.8374
0.8301
0.8307
0.8359
0.8325
0.8310
0.8331
0.8362
0.8334
0.8353
0.8310
0.8295
0.8359
0.8292
0.8273
0.8292
0.8249
0.8292
0.8258
0.8286
0.8334
0.8292
0.8304
0.8344
0.8356
0.8258
0.8337
0.8246
0.8267
0.8252
0.8301
0.8334
0.8344
0.8246
0.8353
0.8310
0.8356
0.8264
0.8249
0.8334
0.8344
0.8316
0.8258
0.8316
0.8304
0.8337
0.8286
0.8319
0.8328
0.8267
0.8252
0.8240
0.8252
0.8255
0.8334
0.8310
0.8224
0.8252
0.8224
0.8237
0.8255
0.8270
0.8231
0.8267
0.8249
0.8328
0.8298
0.8249
0.8255
0.8246
0.8295
0.8255
0.8319
0.8255
0.8295
0.8319
0.8310
0.8316
0.8231
0.8264
0.8231
0.8295
0.8231
0.8304
0.8319
0.8234
0.8218
0.8261
0.8325
0.8261
0.8301
0.8313
0.8234
0.8340
0.8218
0.8243
0.8295
0.8246
0.8279
0.8310
0.8286
0.8264
0.8270
0.8307
0.8325
0.8337
0.8337
0.8334
0.8243
0.8264
0.8307
0.8255
0.8243
0.8286
0.8249
0.8276
0.8252
0.8322
0.8334
0.8282
0.8261
0.8298
0.8252
0.8331
0.8249
0.8292
0.8261
0.8340
0.8292
0.8264
0.8331
0.8267
0.8298
0.8310
0.8249
0.8221
0.8307
0.8228
0.8252
0.8276
0.8286
0.8237
0.8215
0.8209
0.8295
0.8304
0.8264
0.8322
0.8301
0.8298
0.8334
0.8261
0.8243
0.8319
0.8292
0.8252
0.8328
0.8340
0.8304
0.8331
0.8292
0.8298
0.8313
0.8286
0.8264
0.8267
0.8301
0.8319
0.8304
0.8319
0.8237
0.8255
0.8322
0.8252
0.8243
0.8304
0.8273
0.8337
0.8255
0.8289
0.8325
0.8295
0.8350
0.8267
0.8273
0.8322
0.8276
0.8255
0.8328
0.8286
0.8289
0.8347
0.8356
0.8270
0.8310
0.8356
0.8322
0.8258
0.8243
0.8340
0.8282
0.8334
0.8334
0.8264
0.8337
0.8313
0.8292
0.8337
0.8340
0.8334
0.8328
0.8340
0.8273
0.8334
0.8350
0.8234
0.8328
0.8237
0.8334
0.8276
0.8258
0.8313
0.8334
0.8273
0.8289
0.8344
0.8298
0.8279
0.8337
0.8295
0.8295
0.8353
0.8347
0.8261
0.8240
0.8295
0.8313
0.8340
0.8316
0.8316
0.8340
0.8295
0.8255
0.8289
0.8353
0.8316
0.8261
0.8304
0.8331
0.8325
0.8261
0.8237
0.8340
0.8337
0.8328
0.8340
0.8252
0.8270
0.8279
0.8282
0.8340
0.8243
0.8319
0.8310
0.8322
0.8307
0.8307
0.8310
0.8301
0.8261
0.8218
0.8234
0.8240
0.8301
0.8304
0.8215
0.8307
0.8234
0.8322
0.8231
0.8298
0.8282
0.8304
0.8316
0.8267
0.8279
0.8255
0.8267
0.8298
0.8243
0.8231
0.8295
0.8228
0.8215
0.8301
0.8246
0.8292
0.8313
0.8209
0.8316
0.8209
0.8304
0.8261
0.8237
0.8328
0.8212
0.8304
0.8267
0.8228
0.8304
0.8304
0.8212
0.8258
0.8264
0.8313
0.8249
0.8273
0.8203
0.8252
0.8289
0.8279
0.8276
0.8276
0.8313
0.8298
0.8237
0.8249
0.8301
0.8310
0.8316
0.8240
0.8231
0.8237
0.8313
0.8249
0.8295
0.8286
0.8252
0.8255
0.8267
0.8231
0.8246
0.8249
0.8258
0.8334
0.8289
0.8340
0.8319
0.8344
0.8301
0.8353
0.8322
0.8334
0.8292
0.8215
0.8325
0.8301
0.8307
0.8270
0.8246
0.8237
0.8273
0.8347
0.8295
0.8340
0.8261
0.8276
0.8252
0.8340
0.8252
0.8279
0.8322
0.8334
0.8350
0.8340
0.8331
0.8328
0.8313
0.8258
0.8316
0.8307
0.8221
0.8322
0.8286
0.8292
0.8261
0.8249
0.8255
0.8334
0.8289
0.8313
0.8264
0.8344
0.8356
0.8243
0.8282
0.8282
0.8344
0.8286
0.8344
0.8344
0.8255
0.8295
0.8337
0.8307
0.8328
0.8270
0.8307
0.8258
0.8313
0.8264
0.8337
0.8261
0.8301
0.8252
0.8304
0.8246
0.8261
0.8255
0.8264
0.8249
0.8325
0.8344
0.8316
0.8356
0.8334
0.8246
0.8322
0.8240
0.8289
0.8273
0.8310
0.8273
0.8325
0.8279
0.8307
0.8273
0.8255
0.8322
0.8246
0.8218
0.8316
0.8322
0.8224
0.8246
0.8319
0.8282
0.8234
0.8340
0.8234
0.8319
0.8231
0.8231
0.8249
0.8273
0.8301
0.8252
0.8337
0.8255
0.8316
0.8307
0.8301
0.8279
0.8243
0.8267
0.8307
0.8234
0.8237
0.8255
0.8298
0.8313
0.8337
0.8243
0.8319
0.8212
0.8310
0.8270
0.8292
0.8273
0.8221
0.8206
0.8188
0.8304
0.8240
0.8264
0.8304
0.8243
0.8221
0.8237
0.8307
0.8319
0.8264
0.8319
0.8319
0.8218
0.8243
0.8328
0.8334
0.8331
0.8258
0.8301
0.8246
0.8255
0.8301
0.8258
0.8325
0.8267
0.8224
0.8267
0.8331
0.8334
0.8328
0.8261
0.8316
0.8267
0.8304
0.8347
0.8337
0.8276
0.8344
0.8255
0.8313
0.8267
0.8310
0.8292
0.8344
0.8286
0.8276
0.8350
0.8255
0.8310
0.8255
0.8261
0.8261
0.8331
0.8289
0.8267
0.8337
0.8267
0.8337
0.8319
0.8295
0.8331
0.8340
0.8307
0.8325
0.8255
0.8264
0.8319
0.8286
0.8337
0.8292
0.8224
0.8246
0.8340
0.8228
0.8307
0.8307
0.8334
0.8340
0.8316
0.8267
0.8301
0.8282
0.8279
0.8267
0.8240
0.8301
0.8292
0.8279
0.8243
0.8270
0.8313
0.8286
0.8258
0.8252
0.8270
0.8365
0.8365
0.8362
0.8255
0.8289
0.8264
0.8325
0.8359
0.8252
0.8243
0.8301
0.8310
0.8359
0.8267
0.8301
0.8282
0.8267
0.8282
0.8292
0.8344
0.8264
0.8347
0.8353
0.8337
0.8310
0.8167
0.8350
0.8337
0.8295
0.8264
0.8334
0.8295
0.8337
0.8307
0.8337
0.8243
0.8325
0.8276
0.8267
0.8261
0.8276
0.8264
0.8243
0.8325
0.8331
0.8313
0.8237
0.8319
0.8322
0.8334
0.8252
0.8286
0.8334
0.8255
0.8270
0.8270
0.8276
0.8276
0.8304
0.8267
0.8273
0.8270
0.8325
0.8325
0.8252
0.8237
0.8334
0.8221
0.8328
0.8322
0.8258
0.8319
0.8246
0.8313
0.8246
0.8264
0.8322
0.8255
0.8212
0.8374
0.8267
0.8334
0.8304
0.8331
0.8237
0.8307
0.8237
0.8316
0.8258
0.8255
0.8292
0.8218
0.8310
0.8292
0.8319
0.8255
0.8304
0.8292
0.8243
0.8304
0.8310
0.8304
0.8307
0.8252
0.8234
0.8273
0.8310
0.8255
0.8249
0.8322
0.8258
0.8301
0.8286
0.8270
0.8218
0.8212
0.8286
0.8252
0.8322
0.8316
0.8231
0.8286
0.8267
0.8310
0.8237
0.8313
0.8304
0.8252
0.8267
0.8340
0.8328
0.8270
0.8264
0.8319
0.8334
0.8267
0.8286
0.8298
0.8286
0.8316
0.8328
0.8270
0.8322
0.8334
0.8261
0.8276
0.8237
0.8310
0.8243
0.8252
0.8313
0.8313
0.8282
0.8282
0.8282
0.8261
0.8240
0.8319
0.8237
0.8328
0.8228
0.8313
0.8304
0.8325
0.8270
0.8331
0.8237
0.8334
0.8337
0.8334
0.8307
0.8286
0.8279
0.8340
0.8328
0.8264
0.8292
0.8316
0.8319
0.8340
0.8231
0.8252
0.8334
0.8289
0.8331
0.8243
0.8322
0.8270
0.8286
0.8322
0.8340
0.8347
0.8261
0.8258
0.8331
0.8276
0.8276
0.8322
0.8328
0.8328
0.8246
0.8313
0.8319
0.8258
0.8328
0.8325
0.8231
0.8264
0.8334
0.8286
0.8221
0.8328
0.8261
0.8243
0.8331
0.8286
0.8261
0.8276
0.8286
0.8334
0.8270
0.8307
0.8313
0.8340
0.8328
0.8270
0.8261
0.8359
0.8276
0.8328
0.8356
0.8353
0.8340
0.8307
0.8286
0.8365
0.8331
0.8307
0.8286
0.8316
0.8359
0.8316
0.8276
0.8344
0.8347
0.8298
0.8359
0.8334
0.8350
0.8356
0.8359
0.8316
0.8313
0.8292
0.8295
0.8322
0.8328
0.8292
0.8325
0.8279
0.8273
0.8270
0.8295
0.8264
0.8362
0.8240
0.8337
0.8350
0.8350
0.8337
0.8298
0.8344
0.8313
0.8334
0.8316
0.8282
0.8356
0.8350
0.8267
0.8301
0.8292
0.8304
0.8344
0.8334
0.8289
0.8276
0.8344
0.8328
0.8292
0.8307
0.8350
0.8264
0.8331
0.8353
0.8316
0.8359
0.8307
0.8325
0.8252
0.8368
0.8264
0.8347
