0.8691
0.8679
0.8762
0.8731
0.8679
0.8755
0.8685
0.8661
0.8759
0.8737
0.8749
0.8734
0.8688
0.8765
0.8701
0.8774
0.8759
0.8759
0.8768
0.8664
0.8740
0.8765
0.8789
0.8768
0.8731
0.8780
0.8771
0.8691
0.8716
0.8698
0.8719
0.8786
0.8713
0.8783
0.8786
0.8707
0.8719
0.8759
0.8798
0.8792
0.8704
0.8691
0.8810
0.8798
0.8804
0.8786
0.8707
0.8798
0.8774
0.8746
0.8725
0.8698
0.8743
0.8804
0.8789
0.8701
0.8682
0.8722
0.8792
0.8798
0.8749
0.8734
0.8795
0.8768
0.8722
0.8698
0.8765
0.8771
0.8789
0.8694
0.8752
0.8679
0.8710
0.8749
0.8685
0.8655
0.8676
0.8670
0.8759
0.8759
0.8710
0.8685
0.8704
0.8701
0.8731
0.8777
0.8765
0.8749
0.8688
0.8679
0.8774
0.8698
0.8780
0.8792
0.8679
0.8765
0.8759
0.8701
0.8777
0.8707
0.8768
0.8786
0.8768
0.8774
0.8688
0.8795
0.8704
0.8792
0.8804
0.8801
0.8719
0.8759
0.8722
0.8762
0.8713
0.8774
0.8801
0.8798
0.8722
0.8789
0.8804
0.8710
0.8713
0.8716
0.8820
0.8759
0.8826
0.8725
0.8789
0.8792
0.8817
0.8725
0.8810
0.8804
0.8719
0.8795
0.8722
0.8737
0.8701
0.8792
0.8740
0.8759
0.8801
0.8755
0.8752
0.8777
0.8786
0.8755
0.8774
0.8691
0.8774
0.8752
0.8673
0.8768
0.8777
0.8789
0.8771
0.8679
0.8710
0.8755
0.8783
0.8691
0.8707
0.8725
0.8765
0.8719
0.8780
0.8719
0.8780
0.8725
0.8783
0.8707
0.8704
0.8722
0.8789
0.8783
0.8728
0.8755
0.8710
0.8746
0.8786
0.8759
0.8719
0.8755
0.8673
0.8777
0.8716
0.8728
0.8704
0.8731
0.8792
0.8777
0.8676
0.8780
0.8780
0.8734
0.8682
0.8789
0.8789
0.8783
0.8783
0.8728
0.8731
0.8682
0.8728
0.8780
0.8710
0.8743
0.8759
0.8771
0.8698
0.8694
0.8722
0.8734
0.8701
0.8676
0.8762
0.8780
0.8737
0.8786
0.8768
0.8780
0.8752
0.8789
0.8777
0.8698
0.8746
0.8780
0.8698
0.8691
0.8774
0.8807
0.8734
0.8707
0.8725
0.8789
0.8713
0.8737
0.8682
0.8771
0.8734
0.8698
0.8749
0.8716
0.8707
0.8752
0.8673
0.8752
0.8759
0.8670
0.8786
0.8670
0.8716
0.8752
0.8743
0.8682
0.8707
0.8743
0.8743
0.8737
0.8755
0.8731
0.8774
0.8704
0.8765
0.8691
0.8698
0.8746
0.8679
0.8679
0.8749
0.8691
0.8762
0.8694
0.8759
0.8740
0.8698
0.8777
0.8759
0.8755
0.8716
0.8771
0.8731
0.8771
0.8704
0.8701
0.8755
0.8658
0.8713
0.8649
0.8765
0.8749
0.8713
0.8688
0.8752
0.8688
0.8755
0.8755
0.8743
0.8661
0.8679
0.8667
0.8698
0.8682
0.8636
0.8661
0.8725
0.8682
0.8698
0.8633
0.8691
0.8673
0.8716
0.8731
0.8667
0.8667
0.8682
0.8725
0.8691
0.8722
0.8725
0.8731
0.8710
0.8728
0.8728
0.8661
0.8655
0.8740
0.8643
0.8740
0.8740
0.8752
0.8740
0.8701
0.8670
0.8676
0.8789
0.8719
0.8740
0.8685
0.8685
0.8704
0.8713
0.8795
0.8743
0.8722
0.8679
0.8771
0.8694
0.8673
0.8655
0.8694
0.8698
0.8774
0.8658
0.8759
0.8704
0.8734
0.8606
0.8743
0.8759
0.8713
0.8701
0.8762
0.8734
0.8679
0.8701
0.8743
0.8765
0.8759
0.8698
0.8752
0.8759
0.8710
0.8731
0.8652
0.8682
0.8768
0.8740
0.8679
0.8673
0.8755
0.8716
0.8698
0.8762
0.8774
0.8661
0.8661
0.8746
0.8667
0.8707
0.8719
0.8713
0.8664
0.8722
0.8768
0.8771
0.8728
0.8719
0.8768
0.8722
0.8704
0.8780
0.8765
0.8792
0.8694
0.8765
0.8722
0.8740
0.8719
0.8792
0.8670
0.8780
0.8688
0.8743
0.8719
0.8737
0.8749
0.8768
0.8713
0.8701
0.8765
0.8676
0.8755
0.8710
0.8691
0.8679
0.8743
0.8783
0.8719
0.8774
0.8765
0.8780
0.8774
0.8713
0.8749
0.8713
0.8725
0.8762
0.8786
0.8740
0.8826
0.8774
0.8731
0.8774
0.8694
0.8759
0.8661
0.8728
0.8713
0.8792
0.8734
0.8762
0.8777
0.8710
0.8765
0.8737
0.8771
0.8789
0.8755
0.8774
0.8755
0.8783
0.8783
0.8795
0.8710
0.8765
0.8801
0.8792
0.8755
0.8722
0.8777
0.8780
0.8676
0.8792
0.8783
0.8774
0.8722
0.8731
0.8704
0.8734
0.8752
0.8777
0.8670
0.8780
0.8771
0.8768
0.8780
0.8777
0.8783
0.8786
0.8734
0.8765
0.8701
0.8713
0.8716
0.8710
0.8707
0.8731
0.8710
0.8746
0.8685
0.8734
0.8771
0.8780
0.8783
0.8792
0.8688
0.8765
0.8701
0.8704
0.8737
0.8722
0.8774
0.8701
0.8774
0.8762
0.8701
0.8701
0.8719
0.8685
0.8691
0.8719
0.8771
0.8749
0.8755
0.8688
0.8691
0.8716
0.8765
0.8719
0.8749
0.8755
0.8752
0.8749
0.8673
0.8749
0.8746
0.8722
0.8759
0.8755
0.8640
0.8655
0.8755
0.8725
0.8746
0.8725
0.8707
0.8765
0.8780
0.8685
0.8664
0.8731
0.8774
0.8774
0.8768
0.8746
0.8731
0.8762
0.8716
0.8667
0.8682
0.8685
0.8685
0.8673
0.8749
0.8740
0.8698
0.8759
0.8676
0.8679
0.8685
0.8673
0.8765
0.8752
0.8664
0.8713
0.8771
0.8676
0.8759
0.8759
0.8722
0.8743
0.8743
0.8643
0.8694
0.8682
0.8707
0.8752
0.8670
0.8685
0.8676
0.8768
0.8704
0.8759
0.8713
0.8707
0.8670
0.8649
0.8771
0.8682
0.8752
0.8701
0.8728
0.8664
0.8707
0.8749
0.8688
0.8743
0.8670
0.8743
0.8716
0.8728
0.8710
0.8737
0.8725
0.8740
0.8667
0.8722
0.8676
0.8685
0.8698
0.8649
0.8636
0.8670
0.8649
0.8725
0.8731
0.8737
0.8722
0.8691
0.8731
0.8670
0.8749
0.8768
0.8713
0.8704
0.8701
0.8743
0.8670
0.8762
0.8755
0.8771
0.8691
0.8759
0.8765
0.8755
0.8701
0.8710
0.8688
0.8694
0.8713
0.8749
0.8685
0.8701
0.8765
0.8743
0.8731
0.8774
0.8777
0.8762
0.8701
0.8716
0.8774
0.8755
0.8734
0.8768
0.8698
0.8740
0.8670
0.8670
0.8682
0.8698
0.8658
0.8719
0.8664
0.8701
0.8746
0.8765
0.8765
0.8728
0.8755
0.8777
0.8783
0.8792
0.8713
0.8765
0.8731
0.8722
0.8685
0.8768
0.8752
0.8691
0.8771
0.8707
0.8740
0.8740
0.8768
0.8713
0.8752
0.8710
0.8728
0.8780
0.8795
0.8707
0.8682
0.8685
0.8752
0.8694
0.8731
0.8728
0.8722
0.8688
0.8682
0.8789
0.8752
0.8740
0.8762
0.8676
0.8755
0.8759
0.8737
0.8737
0.8633
0.8731
0.8716
0.8725
0.8652
0.8725
0.8701
0.8719
0.8646
0.8722
0.8649
0.8725
0.8636
0.8743
0.8655
0.8661
0.8682
0.8673
0.8698
0.8670
0.8755
0.8749
0.8752
0.8728
0.8774
0.8691
0.8694
0.8813
0.8789
0.8713
0.8774
0.8795
0.8771
0.8759
0.8722
0.8813
0.8798
0.8710
0.8789
0.8762
0.8804
0.8731
0.8737
0.8707
0.8768
0.8716
0.8755
0.8725
0.8804
0.8783
0.8707
0.8771
0.8786
0.8694
0.8755
0.8707
0.8716
0.8722
0.8734
0.8710
0.8774
0.8731
0.8746
0.8749
0.8704
0.8679
0.8701
0.8749
0.8707
0.8685
0.8704
0.8762
0.8792
0.8792
0.8731
0.8728
0.8743
0.8768
0.8691
0.8798
0.8786
0.8722
0.8810
0.8777
0.8725
0.8795
0.8807
0.8792
0.8810
0.8728
0.8743
0.8755
0.8783
0.8704
0.8783
0.8743
0.8804
0.8755
0.8813
0.8774
0.8749
0.8820
0.8774
0.8792
0.8755
0.8762
0.8783
0.8838
0.8829
0.8786
0.8755
0.8838
0.8759
0.8829
0.8810
0.8728
0.8783
0.8734
0.8807
0.8755
0.8743
0.8755
0.8786
0.8734
0.8765
0.8728
0.8728
0.8801
0.8725
0.8746
0.8728
0.8759
0.8728
0.8719
0.8777
0.8725
0.8746
0.8728
0.8688
0.8682
0.8734
0.8694
0.8701
0.8768
0.8743
0.8707
0.8768
0.8765
0.8722
0.8762
0.8691
0.8716
0.8749
0.8633
0.8731
0.8688
0.8704
0.8682
0.8652
0.8710
0.8621
0.8740
0.8685
0.8661
0.8646
0.8719
0.8691
0.8670
0.8661
0.8746
0.8691
0.8731
0.8749
0.8731
0.8765
0.8682
0.8698
0.8752
0.8667
0.8755
0.8749
0.8694
0.8752
0.8670
0.8661
0.8749
0.8643
0.8682
0.8698
0.8682
0.8737
0.8667
0.8722
0.8737
0.8691
0.8725
0.8737
0.8752
0.8704
0.8673
0.8722
0.8716
0.8722
0.8691
0.8722
0.8704
0.8694
0.8728
0.8801
0.8792
0.8804
0.8798
0.8731
0.8722
0.8810
0.8743
0.8725
0.8728
0.8801
0.8817
0.8826
0.8826
0.8774
0.8734
0.8749
0.8798
0.8798
0.8832
0.8728
0.8829
0.8759
0.8807
0.8762
0.8731
0.8792
0.8823
0.8780
0.8807
0.8768
0.8826
0.8810
0.8722
0.8746
0.8749
0.8801
0.8746
0.8743
0.8737
0.8817
0.8752
0.8722
0.8817
0.8713
0.8725
0.8817
0.8743
0.8749
0.8743
0.8765
0.8765
0.8737
0.8731
0.8789
0.8798
0.8704
0.8786
0.8771
0.8740
0.8740
0.8710
0.8795
0.8795
0.8752
0.8817
0.8783
0.8804
0.8789
0.8698
0.8807
0.8789
0.8728
0.8710
0.8755
0.8740
0.8707
0.8731
0.8731
0.8743
0.8682
0.8701
0.8755
0.8701
0.8725
0.8734
0.8691
0.8716
0.8765
0.8749
0.8704
0.8743
0.8780
0.8765
0.8765
0.8685
0.8719
0.8762
0.8698
0.8710
0.8774
0.8795
0.8755
0.8743
0.8798
0.8789
0.8743
0.8786
0.8817
0.8749
0.8749
0.8743
0.8813
0.8807
0.8731
0.8759
0.8774
0.8780
0.8853
0.8850
0.8850
0.8749
0.8832
0.8716
0.8765
0.8765
0.8774
0.8832
0.8719
0.8771
0.8795
0.8774
0.8768
0.8813
0.8728
0.8820
0.8786
0.8832
0.8783
0.8813
0.8746
0.8807
0.8817
0.8780
0.8838
0.8826
0.8844
0.8765
0.8774
0.8813
0.8768
0.8801
0.8835
0.8752
0.8771
0.8829
0.8826
0.8820
0.8786
0.8829
0.8829
0.8755
0.8759
0.8731
0.8817
0.8746
0.8765
0.8804
0.8737
0.8728
0.8801
0.8789
0.8728
0.8786
0.8762
0.8765
0.8783
0.8704
0.8725
0.8679
0.8734
0.8737
0.8755
0.8734
0.8704
0.8752
0.8698
0.8725
0.8707
0.8774
0.8752
0.8722
0.8774
0.8762
0.8716
0.8707
0.8743
0.8734
0.8707
0.8713
0.8722
0.8707
0.8698
0.8759
0.8813
0.8780
0.8798
0.8759
0.8752
0.8810
0.8740
0.8817
0.8817
0.8817
0.8755
0.8820
0.8759
0.8792
0.8716
0.8713
0.8777
0.8786
0.8804
0.8746
0.8807
0.8722
0.8789
0.8719
0.8804
0.8746
0.8780
0.8759
0.8817
0.8740
0.8734
0.8710
0.8725
0.8755
0.8798
0.8734
0.8798
0.8807
0.8768
0.8737
0.8752
0.8798
0.8807
0.8752
0.8810
0.8759
0.8746
0.8698
0.8798
0.8795
0.8813
0.8731
0.8810
0.8777
0.8804
0.8740
0.8789
0.8755
0.8752
0.8759
0.8655
0.8701
0.8777
0.8734
0.8740
0.8725
0.8795
0.8801
0.8755
0.8716
0.8746
0.8722
0.8734
0.8716
0.8716
0.8740
0.8774
0.8685
0.8734
0.8716
0.8798
0.8710
0.8792
0.8765
0.8743
0.8783
0.8728
0.8780
0.8740
0.8792
0.8725
0.8795
0.8768
0.8673
0.8685
0.8691
0.8771
0.8731
0.8765
0.8664
0.8679
0.8786
0.8777
0.8710
0.8731
0.8774
0.8694
0.8701
0.8740
0.8688
0.8771
0.8691
0.8768
0.8755
0.8694
0.8752
0.8719
0.8716
0.8679
0.8743
0.8749
0.8704
0.8694
0.8643
0.8673
0.8670
0.8743
0.8643
0.8716
0.8734
0.8734
0.8673
0.8746
0.8658
0.8646
0.8676
0.8676
0.8691
0.8643
0.8752
0.8664
0.8737
0.8765
0.8722
0.8713
0.8682
0.8698
0.8752
0.8786
0.8743
0.8701
0.8716
0.8716
0.8783
0.8731
0.8771
0.8792
0.8694
0.8670
0.8704
0.8755
0.8682
0.8679
0.8734
0.8746
0.8691
0.8749
0.8746
0.8713
0.8759
0.8691
0.8759
0.8737
0.8759
0.8713
0.8691
0.8762
0.8688
0.8755
0.8661
0.8731
0.8743
0.8667
0.8765
0.8636
0.8759
0.8713
0.8652
0.8670
0.8664
0.8667
0.8664
0.8704
0.8762
0.8728
0.8652
0.8682
0.8762
0.8734
0.8719
0.8685
0.8691
0.8716
0.8710
0.8710
0.8749
0.8734
0.8676
0.8774
0.8682
0.8752
0.8759
0.8765
0.8716
0.8704
0.8768
0.8731
0.8704
0.8749
0.8698
0.8691
0.8734
0.8722
0.8691
0.8749
0.8698
0.8698
0.8707
0.8698
0.8716
0.8722
0.8710
0.8771
0.8795
0.8798
0.8731
0.8762
0.8783
0.8740
0.8731
0.8722
0.8719
0.8707
0.8798
0.8789
0.8746
0.8710
0.8743
0.8801
0.8798
0.8789
0.8755
0.8789
0.8719
0.8810
0.8749
0.8728
0.8792
0.8694
0.8701
0.8771
0.8685
0.8780
0.8731
0.8691
0.8746
0.8688
0.8685
0.8679
0.8759
0.8740
0.8667
0.8673
0.8780
0.8694
0.8749
0.8664
0.8688
0.8765
0.8755
0.8777
0.8746
0.8670
0.8731
0.8728
0.8664
0.8685
0.8722
0.8716
0.8649
0.8691
0.8701
0.8688
0.8643
0.8685
0.8719
0.8676
0.8630
0.8698
0.8661
0.8716
0.8667
0.8685
0.8731
0.8685
0.8667
0.8755
0.8667
0.8682
0.8749
0.8685
0.8774
0.8673
0.8716
0.8759
0.8755
0.8743
0.8765
0.8743
0.8774
0.8688
0.8719
0.8755
0.8759
0.8759
0.8740
0.8755
0.8771
0.8704
0.8713
0.8694
0.8646
0.8658
0.8746
0.8746
0.8725
0.8752
0.8716
0.8722
0.8771
0.8765
0.8777
0.8762
0.8749
0.8780
0.8701
0.8710
0.8759
0.8685
0.8755
0.8728
0.8664
0.8740
0.8701
0.8710
0.8774
0.8755
0.8752
0.8719
0.8719
0.8673
0.8691
0.8707
0.8740
0.8774
0.8777
0.8710
