0.8652
0.8591
0.8597
0.8603
0.8600
0.8670
0.8612
0.8572
0.8603
0.8563
0.8591
0.8633
0.8554
0.8655
0.8621
0.8578
0.8652
0.8578
0.8551
0.8640
0.8636
0.8603
0.8643
0.8582
0.8603
0.8612
0.8646
0.8643
0.8548
0.8603
0.8643
0.8569
0.8548
0.8636
0.8578
0.8636
0.8566
0.8633
0.8612
0.8627
0.8618
0.8600
0.8640
0.8542
0.8633
0.8569
0.8563
0.8554
0.8536
0.8621
0.8636
0.8606
0.8578
0.8600
0.8536
0.8524
0.8615
0.8618
0.8606
0.8627
0.8527
0.8636
0.8609
0.8624
0.8630
0.8640
0.8588
0.8536
0.8563
0.8554
0.8618
0.8649
0.8563
0.8569
0.8600
0.8670
0.8664
0.8682
0.8624
0.8676
0.8649
0.8676
0.8646
0.8597
0.8627
0.8621
0.8676
0.8560
0.8609
0.8670
0.8636
0.8658
0.8688
0.8624
0.8643
0.8707
0.8698
0.8603
0.8719
0.8615
0.8643
0.8640
0.8716
0.8615
0.8673
0.8670
0.8670
0.8652
0.8710
0.8658
0.8646
0.8597
0.8609
0.8701
0.8627
0.8652
0.8627
0.8698
0.8588
0.8694
0.8643
0.8585
0.8652
0.8698
0.8655
0.8679
0.8630
0.8609
0.8624
0.8676
0.8664
0.8694
0.8655
0.8615
0.8597
0.8691
0.8600
0.8673
0.8621
0.8606
0.8630
0.8664
0.8618
0.8691
0.8673
0.8698
0.8691
0.8612
0.8621
0.8698
0.8643
0.8612
0.8621
0.8670
0.8658
0.8670
0.8585
0.8701
0.8643
0.8627
0.8588
0.8646
0.8609
0.8698
0.8691
0.8670
0.8597
0.8673
0.8688
0.8698
0.8698
0.8609
0.8615
0.8682
0.8603
0.8636
0.8600
0.8698
0.8658
0.8698
0.8600
0.8691
0.8658
0.8698
0.8615
0.8676
0.8621
0.8710
0.8682
0.8691
0.8603
0.8691
0.8652
0.8698
0.8701
0.8636
0.8594
0.8694
0.8606
0.8655
0.8643
0.8603
0.8582
0.8694
0.8698
0.8694
0.8694
0.8582
0.8652
0.8621
0.8688
0.8685
0.8603
0.8667
0.8698
0.8682
0.8679
0.8636
0.8670
0.8664
0.8612
0.8643
0.8652
0.8597
0.8615
0.8646
0.8661
0.8597
0.8603
0.8630
0.8633
0.8652
0.8578
0.8618
0.8612
0.8609
0.8679
0.8658
0.8661
0.8658
0.8658
0.8701
0.8600
0.8609
0.8585
0.8597
0.8640
0.8673
0.8679
0.8664
0.8658
0.8673
0.8643
0.8597
0.8630
0.8667
0.8682
0.8664
0.8585
0.8597
0.8658
0.8667
0.8667
0.8603
0.8609
0.8633
0.8600
0.8627
0.8594
0.8661
0.8658
0.8649
0.8582
0.8646
0.8585
0.8652
0.8658
0.8600
0.8618
0.8621
0.8624
0.8676
0.8609
0.8600
0.8661
0.8572
0.8655
0.8612
0.8630
0.8667
0.8682
0.8679
0.8673
0.8667
0.8643
0.8676
0.8585
0.8612
0.8603
0.8609
0.8560
0.8594
0.8667
0.8569
0.8597
0.8643
0.8578
0.8603
0.8658
0.8572
0.8578
0.8597
0.8679
0.8594
0.8676
0.8621
0.8618
0.8667
0.8585
0.8612
0.8594
0.8682
0.8566
0.8582
0.8603
0.8594
0.8566
0.8664
0.8560
0.8670
0.8676
0.8661
0.8636
0.8578
0.8682
0.8670
0.8679
0.8597
0.8676
0.8691
0.8612
0.8667
0.8603
0.8594
0.8615
0.8658
0.8588
0.8649
0.8594
0.8609
0.8609
0.8640
0.8673
0.8606
0.8603
0.8691
0.8591
0.8676
0.8603
0.8685
0.8661
0.8685
0.8600
0.8701
0.8609
0.8600
0.8655
0.8633
0.8658
0.8710
0.8658
0.8652
0.8646
0.8694
0.8676
0.8655
0.8710
0.8685
0.8679
0.8603
0.8673
0.8704
0.8698
0.8612
0.8679
0.8582
0.8707
0.8670
0.8600
0.8603
0.8633
0.8704
0.8655
0.8670
0.8649
0.8698
0.8691
0.8652
0.8624
0.8621
0.8673
0.8640
0.8572
0.8670
0.8569
0.8627
0.8667
0.8594
0.8578
0.8594
0.8612
0.8600
0.8585
0.8609
0.8667
0.8643
0.8658
0.8646
0.8630
0.8578
0.8609
0.8649
0.8633
0.8682
0.8646
0.8685
0.8661
0.8609
0.8676
0.8664
0.8682
0.8670
0.8588
0.8685
0.8615
0.8588
0.8594
0.8630
0.8633
0.8676
0.8704
0.8713
0.8624
0.8701
0.8612
0.8636
0.8707
0.8701
0.8701
0.8661
0.8636
0.8694
0.8661
0.8694
0.8701
0.8658
0.8713
0.8667
0.8682
0.8701
0.8640
0.8664
0.8682
0.8603
0.8679
0.8682
0.8664
0.8652
0.8694
0.8609
0.8615
0.8652
0.8676
0.8682
0.8685
0.8682
0.8624
0.8630
0.8698
0.8694
0.8664
0.8694
0.8627
0.8670
0.8664
0.8710
0.8682
0.8688
0.8682
0.8594
0.8618
0.8630
0.8643
0.8630
0.8591
0.8716
0.8707
0.8670
0.8597
0.8722
0.8597
0.8591
0.8603
0.8630
0.8682
0.8707
0.8694
0.8707
0.8673
0.8701
0.8719
0.8640
0.8649
0.8630
0.8673
0.8646
0.8710
0.8624
0.8646
0.8630
0.8652
0.8716
0.8612
0.8676
0.8591
0.8603
0.8621
0.8698
0.8649
0.8661
0.8630
0.8636
0.8612
0.8713
0.8643
0.8655
0.8661
0.8667
0.8612
0.8643
0.8603
0.8704
0.8643
0.8621
0.8679
0.8615
0.8664
0.8624
0.8710
0.8652
0.8725
0.8725
0.8676
0.8609
0.8597
0.8685
0.8664
0.8618
0.8704
0.8691
0.8633
0.8682
0.8643
0.8615
0.8652
0.8627
0.8685
0.8652
0.8694
0.8707
0.8682
0.8701
0.8698
0.8691
0.8597
0.8694
0.8627
0.8636
0.8603
0.8646
0.8636
0.8578
0.8643
0.8649
0.8615
0.8698
0.8621
0.8582
0.8643
0.8606
0.8655
0.8572
0.8618
0.8658
0.8676
0.8582
0.8578
0.8640
0.8621
0.8612
0.8621
0.8667
0.8691
0.8691
0.8691
0.8679
0.8643
0.8661
0.8694
0.8707
0.8630
0.8694
0.8652
0.8698
0.8627
0.8633
0.8688
0.8701
0.8591
0.8603
0.8679
0.8664
0.8707
0.8640
0.8691
0.8612
0.8627
0.8673
0.8698
0.8621
0.8594
0.8667
0.8685
0.8643
0.8633
0.8649
0.8704
0.8710
0.8670
0.8670
0.8722
0.8728
0.8728
0.8679
0.8640
0.8643
0.8676
0.8658
0.8719
0.8710
0.8682
0.8633
0.8621
0.8630
0.8679
0.8649
0.8716
0.8640
0.8710
0.8640
0.8640
0.8661
0.8636
0.8691
0.8716
0.8646
0.8716
0.8691
0.8698
0.8682
0.8655
0.8621
0.8658
0.8606
0.8652
0.8688
0.8685
0.8655
0.8615
0.8673
0.8618
0.8710
0.8618
0.8621
0.8707
0.8682
0.8600
0.8685
0.8682
0.8624
0.8701
0.8612
0.8606
0.8621
0.8670
0.8624
0.8646
0.8707
0.8698
0.8694
0.8716
0.8649
0.8707
0.8698
0.8691
0.8694
0.8707
0.8624
0.8627
0.8685
0.8688
0.8618
0.8679
0.8707
0.8646
0.8633
0.8612
0.8682
0.8698
0.8685
0.8643
0.8621
0.8710
0.8630
0.8652
0.8624
0.8682
0.8591
0.8707
0.8618
0.8621
0.8624
0.8670
0.8649
0.8701
0.8698
0.8667
0.8643
0.8618
0.8615
0.8603
0.8588
0.8694
0.8673
0.8698
0.8655
0.8618
0.8633
0.8609
0.8646
0.8618
0.8701
0.8624
0.8679
0.8630
0.8652
0.8667
0.8661
0.8646
0.8658
0.8640
0.8734
0.8670
0.8667
0.8710
0.8652
0.8707
0.8743
0.8734
0.8725
0.8743
0.8746
0.8649
0.8640
0.8719
0.8746
0.8652
0.8682
0.8673
0.8719
0.8670
0.8728
0.8685
0.8655
0.8737
0.8704
0.8731
0.8719
0.8716
0.8691
0.8725
0.8716
0.8725
0.8636
0.8652
0.8673
0.8719
0.8640
0.8655
0.8731
0.8661
0.8710
0.8652
0.8725
0.8649
0.8698
0.8679
0.8725
0.8646
0.8655
0.8691
0.8719
0.8691
0.8679
0.8710
0.8691
0.8719
0.8618
0.8636
0.8722
0.8691
0.8649
0.8676
0.8670
0.8618
0.8691
0.8643
0.8698
0.8710
0.8710
0.8694
0.8731
0.8615
0.8643
0.8609
0.8713
0.8707
0.8719
0.8701
0.8710
0.8636
0.8670
0.8640
0.8643
0.8615
0.8691
0.8685
0.8621
0.8643
0.8636
0.8701
0.8707
0.8673
0.8603
0.8575
0.8691
0.8698
0.8679
0.8673
0.8618
0.8636
0.8615
0.8646
0.8633
0.8649
0.8682
0.8691
0.8600
0.8600
0.8701
0.8615
0.8643
0.8594
0.8643
0.8682
0.8646
0.8710
0.8676
0.8649
0.8704
0.8636
0.8609
0.8698
0.8664
0.8603
0.8594
0.8636
0.8646
0.8588
0.8615
0.8682
0.8594
0.8685
0.8670
0.8585
0.8572
0.8615
0.8615
0.8633
0.8582
0.8661
0.8618
0.8621
0.8627
0.8673
0.8664
0.8664
0.8673
0.8673
0.8664
0.8603
0.8578
0.8688
0.8643
0.8597
0.8636
0.8698
0.8664
0.8609
0.8643
0.8661
0.8594
0.8594
0.8701
0.8682
0.8612
0.8615
0.8621
0.8652
0.8713
0.8646
0.8707
0.8716
0.8609
0.8633
0.8606
0.8716
0.8673
0.8618
0.8643
0.8688
0.8658
0.8701
0.8652
0.8652
0.8698
0.8649
0.8600
0.8615
0.8615
0.8633
0.8667
0.8624
0.8704
0.8704
0.8676
0.8630
0.8636
0.8649
0.8636
0.8621
0.8701
0.8652
0.8685
0.8698
0.8624
0.8670
0.8612
0.8676
0.8582
0.8621
0.8685
0.8618
0.8630
0.8670
0.8688
0.8682
0.8643
0.8679
0.8682
0.8600
0.8658
0.8655
0.8636
0.8652
0.8670
0.8679
0.8676
0.8682
0.8661
0.8685
0.8667
0.8691
0.8612
0.8627
0.8649
0.8667
0.8615
0.8664
0.8679
0.8603
0.8643
0.8655
0.8679
0.8643
0.8646
0.8615
0.8597
0.8667
0.8627
0.8594
0.8649
0.8682
0.8701
0.8636
0.8615
0.8661
0.8633
0.8676
0.8667
0.8667
0.8627
0.8685
0.8643
0.8710
0.8694
0.8694
0.8704
0.8646
0.8722
0.8707
0.8630
0.8710
0.8661
0.8603
0.8704
0.8710
0.8609
0.8652
0.8603
0.8643
0.8664
0.8685
0.8646
0.8603
0.8685
0.8698
0.8594
0.8636
0.8609
0.8646
0.8618
0.8636
0.8624
0.8676
0.8679
0.8691
0.8618
0.8578
0.8597
0.8615
0.8655
0.8588
0.8685
0.8609
0.8621
0.8636
0.8691
0.8643
0.8658
0.8606
0.8630
0.8636
0.8652
0.8652
0.8679
0.8655
0.8655
0.8600
0.8643
0.8636
0.8643
0.8676
0.8670
0.8652
0.8636
0.8643
0.8643
0.8578
0.8621
0.8588
0.8578
0.8524
0.8591
0.8609
0.8551
0.8557
0.8548
0.8603
0.8615
0.8560
0.8621
0.8615
0.8551
0.8627
0.8569
0.8572
0.8627
0.8606
0.8630
0.8560
0.8633
0.8621
0.8643
0.8572
0.8530
0.8536
0.8572
0.8636
0.8557
0.8530
0.8609
0.8603
0.8594
0.8612
0.8646
0.8603
0.8658
0.8664
0.8667
0.8594
0.8621
0.8676
0.8673
0.8566
0.8615
0.8679
0.8664
0.8679
0.8603
0.8682
0.8609
0.8670
0.8609
0.8609
0.8676
0.8603
0.8676
0.8649
0.8652
0.8691
0.8694
0.8658
0.8679
0.8673
0.8603
0.8630
0.8682
0.8646
0.8643
0.8698
0.8597
0.8655
0.8691
0.8624
0.8646
0.8633
0.8600
0.8615
0.8588
0.8670
0.8673
0.8633
0.8655
0.8673
0.8572
0.8652
0.8627
0.8633
0.8667
0.8609
0.8615
0.8667
0.8615
0.8667
0.8658
0.8569
0.8572
0.8673
0.8585
0.8597
0.8578
0.8597
0.8633
0.8594
0.8667
0.8615
0.8624
0.8670
0.8615
0.8670
0.8609
0.8618
0.8685
0.8575
0.8640
0.8698
0.8676
0.8585
0.8594
0.8643
0.8679
0.8682
0.8612
0.8691
0.8609
0.8670
0.8572
0.8679
0.8585
0.8661
0.8685
0.8630
0.8679
0.8603
0.8661
0.8615
0.8594
0.8667
0.8667
0.8646
0.8682
0.8585
0.8643
0.8649
0.8624
0.8673
0.8594
0.8679
0.8563
0.8691
0.8597
0.8664
0.8682
0.8661
0.8679
0.8664
0.8636
0.8652
0.8618
0.8633
0.8594
0.8691
0.8664
0.8688
0.8627
0.8658
0.8636
0.8624
0.8618
0.8661
0.8661
0.8691
0.8633
0.8667
0.8655
0.8667
0.8585
0.8603
0.8621
0.8627
0.8606
0.8667
0.8615
0.8578
0.8655
0.8603
0.8615
0.8591
0.8594
0.8597
0.8646
0.8679
0.8588
0.8585
0.8679
0.8591
0.8597
0.8591
0.8649
0.8630
0.8594
0.8569
0.8551
0.8566
0.8682
0.8609
0.8679
0.8676
0.8694
0.8606
0.8664
0.8652
0.8609
0.8603
0.8643
0.8661
0.8661
0.8682
0.8600
0.8688
0.8600
0.8664
0.8597
0.8612
0.8643
0.8664
0.8600
0.8603
0.8664
0.8597
0.8655
0.8633
0.8600
0.8667
0.8658
0.8664
0.8655
0.8594
0.8658
0.8615
0.8600
0.8618
0.8597
0.8636
0.8685
0.8633
0.8591
0.8643
0.8670
0.8673
0.8633
0.8701
0.8615
0.8630
0.8673
0.8682
0.8679
0.8670
0.8636
0.8673
0.8661
0.8643
0.8563
0.8585
0.8670
0.8572
0.8615
0.8597
0.8652
0.8664
0.8621
0.8673
0.8636
0.8603
0.8624
0.8682
0.8582
0.8633
0.8661
0.8676
0.8557
0.8578
0.8612
0.8682
0.8615
0.8664
0.8682
0.8594
0.8655
0.8676
0.8646
0.8679
0.8670
0.8676
0.8597
0.8691
0.8661
0.8606
0.8694
0.8688
0.8633
0.8624
0.8688
0.8630
0.8594
0.8691
0.8615
0.8603
0.8664
0.8679
0.8636
0.8627
0.8682
0.8713
0.8636
0.8716
0.8676
0.8649
0.8627
0.8691
0.8609
0.8597
0.8627
0.8667
0.8630
0.8691
0.8667
0.8591
0.8636
0.8560
0.8688
0.8572
0.8597
0.8652
0.8609
0.8652
0.8594
0.8661
0.8591
0.8615
0.8636
0.8673
0.8679
0.8676
0.8615
0.8649
0.8667
0.8688
0.8652
0.8630
0.8606
0.8667
0.8612
0.8615
0.8679
0.8606
0.8685
0.8664
0.8670
0.8615
0.8658
0.8630
0.8676
0.8658
0.8606
0.8621
0.8575
0.8600
0.8612
0.8661
0.8636
0.8658
0.8646
0.8652
0.8542
0.8661
0.8600
0.8655
0.8572
0.8640
0.8575
0.8606
0.8566
0.8618
0.8630
0.8569
0.8658
0.8585
0.8548
0.8664
0.8594
0.8676
0.8612
0.8569
0.8594
0.8609
0.8649
0.8661
0.8658
0.8670
0.8667
0.8646
0.8661
0.8585
0.8652
0.8655
0.8667
0.8667
0.8633
0.8582
