0.8856
0.8841
0.8868
0.8795
0.8871
0.8850
0.8759
0.8817
0.8862
0.8835
0.8841
0.8844
0.8856
0.8780
0.8792
0.8795
0.8780
0.8817
0.8774
0.8755
0.8755
0.8786
0.8762
0.8746
0.8795
0.8752
0.8823
0.8774
0.8832
0.8832
0.8841
0.8823
0.8826
0.8823
0.8804
0.8823
0.8740
0.8771
0.8755
0.8786
0.8798
0.8722
0.8765
0.8838
0.8734
0.8829
0.8780
0.8771
0.8832
0.8765
0.8798
0.8759
0.8826
0.8774
0.8780
0.8813
0.8850
0.8752
0.8850
0.8792
0.8795
0.8817
0.8783
0.8850
0.8807
0.8841
0.8755
0.8844
0.8817
0.8771
0.8807
0.8844
0.8838
0.8817
0.8823
0.8850
0.8835
0.8817
0.8752
0.8759
0.8737
0.8820
0.8817
0.8792
0.8826
0.8740
0.8755
0.8749
0.8798
0.8801
0.8786
0.8823
0.8728
0.8841
0.8755
0.8768
0.8771
0.8749
0.8835
0.8804
0.8838
0.8841
0.8847
0.8786
0.8804
0.8841
0.8859
0.8844
0.8832
0.8868
0.8847
0.8878
0.8878
0.8887
0.8826
0.8792
0.8890
0.8881
0.8844
0.8850
0.8820
0.8813
0.8826
0.8893
0.8878
0.8871
0.8804
0.8908
0.8908
0.8844
0.8823
0.8829
0.8798
0.8862
0.8902
0.8875
0.8868
0.8813
0.8844
0.8820
0.8887
0.8792
0.8887
0.8890
0.8832
0.8865
0.8838
0.8789
0.8792
0.8774
0.8881
0.8807
0.8826
0.8893
0.8896
0.8774
0.8838
0.8817
0.8890
0.8890
0.8789
0.8887
0.8789
0.8832
0.8887
0.8871
0.8798
0.8820
0.8865
0.8881
0.8884
0.8810
0.8844
0.8905
0.8887
0.8887
0.8807
0.8810
0.8829
0.8838
0.8835
0.8881
0.8813
0.8835
0.8804
0.8801
0.8865
0.8795
0.8807
0.8765
0.8850
0.8838
0.8810
0.8801
0.8868
0.8792
0.8780
0.8884
0.8801
0.8798
0.8804
0.8871
0.8813
0.8875
0.8813
0.8844
0.8801
0.8875
0.8878
0.8817
0.8774
0.8771
0.8865
0.8838
0.8878
0.8817
0.8820
0.8890
0.8881
0.8887
0.8844
0.8856
0.8826
0.8795
0.8887
0.8798
0.8850
0.8862
0.8765
0.8826
0.8792
0.8755
0.8823
0.8850
0.8817
0.8795
0.8865
0.8871
0.8865
0.8755
0.8868
0.8853
0.8853
0.8829
0.8780
0.8829
0.8771
0.8762
0.8801
0.8853
0.8853
0.8878
0.8768
0.8783
0.8774
0.8798
0.8789
0.8865
0.8905
0.8795
0.8875
0.8807
0.8792
0.8789
0.8792
0.8804
0.8881
0.8801
0.8798
0.8755
0.8801
0.8862
0.8865
0.8859
0.8850
0.8789
0.8789
0.8798
0.8768
0.8850
0.8792
0.8771
0.8838
0.8780
0.8762
0.8847
0.8755
0.8853
0.8817
0.8774
0.8783
0.8832
0.8804
0.8774
0.8871
0.8878
0.8813
0.8804
0.8804
0.8804
0.8795
0.8813
0.8890
0.8820
0.8801
0.8868
0.8774
0.8804
0.8835
0.8749
0.8765
0.8853
0.8875
0.8853
0.8893
0.8865
0.8820
0.8853
0.8829
0.8798
0.8774
0.8792
0.8829
0.8823
0.8789
0.8847
0.8829
0.8853
0.8801
0.8780
0.8835
0.8844
0.8762
0.8798
0.8807
0.8807
0.8759
0.8789
0.8765
0.8768
0.8801
0.8804
0.8844
0.8847
0.8786
0.8752
0.8823
0.8804
0.8798
0.8829
0.8804
0.8795
0.8801
0.8835
0.8780
0.8829
0.8820
0.8765
0.8817
0.8774
0.8829
0.8719
0.8823
0.8844
0.8838
0.8789
0.8765
0.8856
0.8798
0.8759
0.8789
0.8881
0.8789
0.8829
0.8813
0.8865
0.8804
0.8862
0.8777
0.8789
0.8804
0.8841
0.8829
0.8798
0.8844
0.8777
0.8862
0.8768
0.8755
0.8768
0.8752
0.8755
0.8804
0.8774
0.8850
0.8841
0.8832
0.8743
0.8823
0.8820
0.8731
0.8780
0.8771
0.8798
0.8749
0.8817
0.8780
0.8820
0.8807
0.8820
0.8810
0.8807
0.8749
0.8807
0.8817
0.8765
0.8783
0.8722
0.8752
0.8829
0.8807
0.8737
0.8804
0.8823
0.8768
0.8801
0.8795
0.8731
0.8725
0.8743
0.8740
0.8759
0.8777
0.8774
0.8694
0.8710
0.8743
0.8698
0.8746
0.8749
0.8813
0.8768
0.8740
0.8835
0.8743
0.8752
0.8795
0.8731
0.8844
0.8807
0.8771
0.8755
0.8807
0.8817
0.8850
0.8835
0.8780
0.8832
0.8789
0.8786
0.8792
0.8728
0.8832
0.8734
0.8810
0.8789
0.8817
0.8774
0.8826
0.8789
0.8832
0.8817
0.8749
0.8740
0.8832
0.8768
0.8768
0.8829
0.8838
0.8774
0.8817
0.8765
0.8804
0.8838
0.8792
0.8835
0.8859
0.8780
0.8856
0.8795
0.8804
0.8868
0.8804
0.8789
0.8798
0.8789
0.8878
0.8844
0.8881
0.8881
0.8893
0.8896
0.8838
0.8783
0.8878
0.8868
0.8832
0.8850
0.8826
0.8902
0.8884
0.8887
0.8795
0.8865
0.8783
0.8829
0.8820
0.8783
0.8813
0.8801
0.8862
0.8865
0.8835
0.8774
0.8838
0.8789
0.8810
0.8807
0.8823
0.8752
0.8771
0.8838
0.8807
0.8777
0.8749
0.8759
0.8777
0.8755
0.8826
0.8871
0.8844
0.8777
0.8789
0.8774
0.8881
0.8795
0.8810
0.8832
0.8817
0.8853
0.8765
0.8847
0.8774
0.8829
0.8835
0.8810
0.8777
0.8838
0.8859
0.8749
0.8817
0.8838
0.8807
0.8749
0.8801
0.8823
0.8832
0.8813
0.8826
0.8820
0.8759
0.8774
0.8835
0.8817
0.8749
0.8783
0.8789
0.8768
0.8835
0.8780
0.8850
0.8752
0.8850
0.8783
0.8838
0.8792
0.8795
0.8743
0.8755
0.8783
0.8765
0.8774
0.8798
0.8829
0.8817
0.8734
0.8792
0.8823
0.8813
0.8768
0.8771
0.8847
0.8759
0.8728
0.8789
0.8826
0.8783
0.8810
0.8765
0.8725
0.8838
0.8734
0.8777
0.8783
0.8832
0.8774
0.8771
0.8838
0.8838
0.8838
0.8820
0.8752
0.8749
0.8786
0.8792
0.8780
0.8801
0.8780
0.8823
0.8762
0.8804
0.8841
0.8740
0.8832
0.8804
0.8743
0.8841
0.8823
0.8817
0.8783
0.8838
0.8792
0.8810
0.8795
0.8740
0.8844
0.8841
0.8844
0.8759
0.8823
0.8731
0.8777
0.8823
0.8774
0.8817
0.8737
0.8765
0.8853
0.8780
0.8862
0.8768
0.8859
0.8792
0.8813
0.8853
0.8777
0.8798
0.8813
0.8871
0.8865
0.8832
0.8856
0.8871
0.8810
0.8823
0.8893
0.8838
0.8810
0.8774
0.8871
0.8829
0.8856
0.8810
0.8807
0.8810
0.8881
0.8868
0.8783
0.8887
0.8829
0.8859
0.8813
0.8813
0.8847
0.8792
0.8804
0.8759
0.8789
0.8789
0.8823
0.8868
0.8850
0.8835
0.8856
0.8777
0.8853
0.8838
0.8783
0.8792
0.8838
0.8832
0.8823
0.8832
0.8783
0.8786
0.8832
0.8829
0.8804
0.8792
0.8786
0.8838
0.8826
0.8820
0.8755
0.8780
0.8774
0.8804
0.8817
0.8820
0.8853
0.8841
0.8792
0.8789
0.8875
0.8810
0.8853
0.8890
0.8865
0.8804
0.8890
0.8859
0.8878
0.8887
0.8783
0.8810
0.8887
0.8817
0.8875
0.8835
0.8826
0.8875
0.8838
0.8783
0.8841
0.8817
0.8759
0.8804
0.8807
0.8762
0.8844
0.8798
0.8835
0.8801
0.8832
0.8826
0.8789
0.8798
0.8807
0.8871
0.8780
0.8826
0.8862
0.8826
0.8850
0.8871
0.8859
0.8862
0.8887
0.8820
0.8841
0.8798
0.8835
0.8881
0.8862
0.8777
0.8765
0.8841
0.8847
0.8829
0.8813
0.8746
0.8823
0.8850
0.8850
0.8737
0.8755
0.8835
0.8752
0.8780
0.8777
0.8789
0.8801
0.8820
0.8838
0.8865
0.8835
0.8798
0.8850
0.8850
0.8850
0.8755
0.8832
0.8823
0.8853
0.8829
0.8743
0.8847
0.8740
0.8844
0.8762
0.8820
0.8801
0.8768
0.8850
0.8838
0.8853
0.8804
0.8820
0.8743
0.8850
0.8841
0.8838
0.8768
0.8762
0.8765
0.8841
0.8838
0.8865
0.8765
0.8823
0.8783
0.8810
0.8813
0.8777
0.8789
0.8783
0.8813
0.8844
0.8847
0.8795
0.8762
0.8792
0.8853
0.8759
0.8835
0.8844
0.8737
0.8762
0.8810
0.8774
0.8853
0.8780
0.8859
0.8844
0.8792
0.8792
0.8771
0.8829
0.8868
0.8829
0.8832
0.8832
0.8804
0.8844
0.8804
0.8780
0.8801
0.8783
0.8847
0.8875
0.8762
0.8856
0.8856
0.8838
0.8841
0.8795
0.8835
0.8875
0.8792
0.8795
0.8884
0.8878
0.8817
0.8783
0.8884
0.8783
0.8853
0.8859
0.8786
0.8771
0.8856
0.8875
0.8865
0.8868
0.8755
0.8817
0.8817
0.8835
0.8762
0.8762
0.8832
0.8771
0.8780
0.8826
0.8780
0.8798
0.8807
0.8762
0.8752
0.8777
0.8856
0.8838
0.8755
0.8826
0.8853
0.8835
0.8813
0.8823
0.8807
0.8859
0.8755
0.8847
0.8838
0.8847
0.8783
0.8798
0.8841
0.8789
0.8871
0.8868
0.8887
0.8804
0.8868
0.8865
0.8798
0.8789
0.8798
0.8820
0.8868
0.8835
0.8783
0.8847
0.8878
0.8862
0.8862
0.8786
0.8792
0.8862
0.8752
0.8838
0.8789
0.8774
0.8807
0.8859
0.8832
0.8820
0.8755
0.8810
0.8838
0.8847
0.8777
0.8774
0.8768
0.8743
0.8835
0.8841
0.8737
0.8789
0.8740
0.8752
0.8789
0.8728
0.8752
0.8813
0.8804
0.8762
0.8774
0.8792
0.8759
0.8710
0.8789
0.8780
0.8795
0.8817
0.8746
0.8829
0.8817
0.8838
0.8734
0.8762
0.8728
0.8749
0.8792
0.8716
0.8792
0.8780
0.8719
0.8823
0.8792
0.8759
0.8832
0.8829
0.8826
0.8813
0.8832
0.8838
0.8780
0.8804
0.8792
0.8829
0.8804
0.8725
0.8823
0.8746
0.8731
0.8777
0.8795
0.8807
0.8817
0.8762
0.8734
0.8749
0.8661
0.8752
0.8813
0.8777
0.8743
0.8780
0.8813
0.8759
0.8728
0.8813
0.8783
0.8810
0.8798
0.8792
0.8774
0.8765
0.8801
0.8795
0.8728
0.8716
0.8810
0.8804
0.8798
0.8804
0.8734
0.8807
0.8820
0.8792
0.8746
0.8820
0.8813
0.8749
0.8838
0.8774
0.8780
0.8743
0.8810
0.8777
0.8881
0.8804
0.8740
0.8801
0.8838
0.8783
0.8820
0.8865
0.8804
0.8823
0.8813
0.8789
0.8771
0.8795
0.8719
0.8841
0.8740
0.8826
0.8731
0.8823
0.8789
0.8780
0.8798
0.8707
0.8731
0.8783
0.8749
0.8771
0.8710
0.8786
0.8752
0.8777
0.8691
0.8719
0.8725
0.8810
0.8722
0.8789
0.8728
0.8722
0.8743
0.8743
0.8755
0.8810
0.8798
0.8722
0.8740
0.8719
0.8777
0.8813
0.8774
0.8813
0.8832
0.8777
0.8838
0.8807
0.8807
0.8838
0.8823
0.8725
0.8832
0.8771
0.8774
0.8853
0.8740
0.8841
0.8780
0.8795
0.8771
0.8823
0.8813
0.8838
0.8841
0.8841
0.8798
0.8823
0.8798
0.8759
0.8810
0.8835
0.8771
0.8807
0.8823
0.8752
0.8780
0.8768
0.8783
0.8759
0.8813
0.8707
0.8829
0.8737
0.8774
0.8777
0.8749
0.8817
0.8807
0.8731
0.8823
0.8716
0.8832
0.8820
0.8817
0.8841
0.8820
0.8813
0.8746
0.8777
0.8786
0.8777
0.8835
0.8807
0.8847
0.8783
0.8823
0.8844
0.8774
0.8868
0.8844
0.8826
0.8871
0.8865
0.8850
0.8859
0.8777
0.8823
0.8896
0.8853
0.8813
0.8871
0.8881
0.8859
0.8841
0.8853
0.8862
0.8807
0.8862
0.8838
0.8841
0.8810
0.8783
0.8850
0.8765
0.8807
0.8868
0.8887
0.8887
0.8817
0.8820
0.8838
0.8881
0.8856
0.8807
0.8752
0.8850
0.8887
0.8792
0.8887
0.8838
0.8844
0.8801
0.8881
0.8887
0.8783
0.8832
0.8875
0.8798
0.8823
0.8749
0.8762
0.8856
0.8844
0.8832
0.8789
0.8792
0.8820
0.8807
0.8768
0.8853
0.8810
0.8798
0.8768
0.8786
0.8838
0.8810
0.8844
0.8829
0.8844
0.8743
0.8838
0.8853
0.8768
0.8792
0.8835
0.8765
0.8762
0.8792
0.8746
0.8820
0.8847
0.8765
0.8783
0.8832
0.8810
0.8771
0.8792
0.8810
0.8835
0.8771
0.8752
0.8847
0.8817
0.8823
0.8820
0.8838
0.8786
0.8841
0.8795
0.8768
0.8789
0.8823
0.8820
0.8801
0.8807
0.8829
0.8841
0.8804
0.8774
0.8838
0.8832
0.8762
0.8807
0.8759
0.8838
0.8746
0.8792
0.8826
0.8838
0.8740
0.8844
0.8725
0.8823
0.8777
0.8829
0.8728
0.8829
0.8716
0.8826
0.8826
0.8719
0.8783
0.8820
0.8804
0.8780
0.8759
0.8789
0.8771
0.8832
0.8752
0.8795
0.8786
0.8743
0.8743
0.8810
0.8777
0.8835
0.8765
0.8820
0.8722
0.8755
0.8789
0.8813
0.8832
0.8771
0.8752
0.8829
0.8807
0.8823
0.8798
0.8716
0.8749
0.8765
0.8755
0.8722
0.8829
0.8755
0.8740
0.8829
0.8749
0.8728
0.8725
0.8801
0.8820
0.8746
0.8810
0.8765
0.8737
0.8780
0.8792
0.8792
0.8749
0.8813
0.8780
0.8817
0.8783
0.8752
0.8813
0.8762
0.8780
0.8731
0.8789
0.8771
0.8740
0.8795
0.8746
0.8707
0.8789
0.8795
0.8698
0.8716
0.8795
0.8795
0.8801
0.8777
0.8707
0.8786
0.8691
0.8707
0.8737
0.8734
0.8768
0.8716
0.8728
0.8746
0.8740
0.8823
0.8755
0.8780
0.8759
0.8801
0.8813
0.8817
0.8768
0.8820
0.8813
0.8820
0.8792
0.8759
0.8881
0.8838
0.8844
0.8789
0.8804
0.8859
0.8856
0.8829
0.8853
0.8862
0.8838
0.8771
0.8780
0.8771
0.8771
0.8853
0.8777
0.8789
0.8777
0.8765
0.8823
0.8719
0.8752
0.8768
0.8743
0.8810
0.8746
0.8792
0.8759
0.8752
0.8716
0.8771
0.8783
0.8783
0.8743
0.8838
0.8798
0.8777
0.8789
0.8780
0.8853
0.8795
0.8771
0.8826
0.8813
0.8810
0.8807
0.8759
0.8755
0.8795
0.8817
0.8734
0.8755
0.8731
0.8743
0.8771
0.8832
0.8832
0.8755
0.8829
0.8716
0.8810
0.8807
0.8749
0.8820
0.8810
0.8725
0.8810
0.8762
0.8786
0.8792
0.8789
0.8789
0.8734
0.8722
0.8807
0.8795
0.8752
0.8722
0.8810
0.8807
0.8817
0.8719
