0.8575
0.8551
0.8560
0.8481
0.8557
0.8566
0.8487
0.8554
0.8517
0.8566
0.8539
0.8569
0.8557
0.8569
0.8533
0.8496
0.8545
0.8536
0.8575
0.8533
0.8511
0.8585
0.8511
0.8496
0.8582
0.8508
0.8572
0.8582
0.8536
0.8490
0.8502
0.8481
0.8508
0.8487
0.8499
0.8588
0.8527
0.8594
0.8600
0.8521
0.8536
0.8527
0.8603
0.8524
0.8594
0.8603
0.8542
0.8606
0.8539
0.8594
0.8606
0.8524
0.8499
0.8615
0.8560
0.8621
0.8582
0.8542
0.8597
0.8539
0.8603
0.8597
0.8514
0.8630
0.8600
0.8621
0.8621
0.8618
0.8624
0.8575
0.8566
0.8566
0.8630
0.8606
0.8649
0.8603
0.8557
0.8600
0.8603
0.8630
0.8517
0.8612
0.8643
0.8539
0.8575
0.8606
0.8548
0.8566
0.8646
0.8621
0.8542
0.8563
0.8627
0.8594
0.8627
0.8545
0.8548
0.8618
0.8609
0.8505
0.8572
0.8560
0.8615
0.8533
0.8618
0.8630
0.8554
0.8566
0.8612
0.8627
0.8548
0.8545
0.8572
0.8643
0.8643
0.8609
0.8542
0.8600
0.8643
0.8636
0.8578
0.8624
0.8643
0.8563
0.8551
0.8633
0.8597
0.8618
0.8627
0.8524
0.8627
0.8615
0.8551
0.8560
0.8621
0.8560
0.8542
0.8630
0.8557
0.8508
0.8582
0.8554
0.8542
0.8530
0.8566
0.8636
0.8600
0.8557
0.8524
0.8542
0.8548
0.8633
0.8563
0.8615
0.8572
0.8646
0.8545
0.8643
0.8643
0.8557
0.8603
0.8566
0.8578
0.8591
0.8643
0.8557
0.8511
0.8557
0.8578
0.8615
0.8621
0.8621
0.8554
0.8536
0.8508
0.8594
0.8591
0.8554
0.8600
0.8521
0.8585
0.8560
0.8551
0.8603
0.8582
0.8505
0.8557
0.8545
0.8566
0.8563
0.8508
0.8505
0.8569
0.8560
0.8612
0.8582
0.8606
0.8499
0.8545
0.8521
0.8517
0.8597
0.8530
0.8505
0.8521
0.8530
0.8536
0.8539
0.8597
0.8551
0.8591
0.8502
0.8609
0.8542
0.8539
0.8578
0.8493
0.8511
0.8591
0.8585
0.8508
0.8521
0.8594
0.8588
0.8582
0.8539
0.8536
0.8502
0.8572
0.8496
0.8499
0.8569
0.8606
0.8603
0.8588
0.8612
0.8582
0.8582
0.8545
0.8597
0.8582
0.8496
0.8511
0.8499
0.8594
0.8578
0.8600
0.8511
0.8493
0.8475
0.8578
0.8517
0.8502
0.8563
0.8585
0.8511
0.8496
0.8566
0.8585
0.8591
0.8536
0.8536
0.8594
0.8551
0.8572
0.8578
0.8514
0.8527
0.8563
0.8524
0.8478
0.8517
0.8569
0.8578
0.8575
0.8481
0.8582
0.8505
0.8545
0.8517
0.8582
0.8490
0.8493
0.8545
0.8524
0.8524
0.8502
0.8548
0.8484
0.8560
0.8575
0.8566
0.8594
0.8536
0.8588
0.8521
0.8557
0.8572
0.8530
0.8569
0.8499
0.8572
0.8508
0.8539
0.8505
0.8572
0.8496
0.8560
0.8493
0.8508
0.8496
0.8487
0.8490
0.8511
0.8569
0.8502
0.8527
0.8563
0.8572
0.8484
0.8649
0.8478
0.8554
0.8514
0.8612
0.8508
0.8524
0.8560
0.8578
0.8603
0.8597
0.8521
0.8490
0.8499
0.8572
0.8594
0.8585
0.8502
0.8597
0.8533
0.8551
0.8582
0.8536
0.8502
0.8563
0.8542
0.8490
0.8521
0.8603
0.8524
0.8524
0.8575
0.8505
0.8554
0.8566
0.8548
0.8597
0.8594
0.8539
0.8563
0.8578
0.8597
0.8612
0.8527
0.8585
0.8521
0.8627
0.8603
0.8582
0.8618
0.8594
0.8566
0.8618
0.8609
0.8615
0.8502
0.8536
0.8551
0.8618
0.8603
0.8612
0.8597
0.8600
0.8551
0.8563
0.8578
0.8521
0.8615
0.8575
0.8597
0.8588
0.8594
0.8524
0.8496
0.8521
0.8582
0.8496
0.8585
0.8594
0.8597
0.8569
0.8594
0.8554
0.8566
0.8505
0.8569
0.8560
0.8560
0.8545
0.8478
0.8578
0.8487
0.8508
0.8484
0.8572
0.8521
0.8484
0.8511
0.8566
0.8578
0.8508
0.8575
0.8566
0.8575
0.8490
0.8484
0.8557
0.8505
0.8490
0.8597
0.8575
0.8499
0.8527
0.8560
0.8572
0.8511
0.8499
0.8575
0.8536
0.8511
0.8502
0.8588
0.8517
0.8521
0.8517
0.8487
0.8591
0.8487
0.8578
0.8578
0.8530
0.8536
0.8554
0.8606
0.8554
0.8582
0.8560
0.8597
0.8511
0.8588
0.8548
0.8585
0.8594
0.8563
0.8578
0.8499
0.8606
0.8487
0.8539
0.8511
0.8557
0.8548
0.8487
0.8548
0.8572
0.8585
0.8514
0.8575
0.8594
0.8563
0.8524
0.8572
0.8594
0.8533
0.8603
0.8600
0.8548
0.8511
0.8582
0.8548
0.8511
0.8582
0.8594
0.8536
0.8578
0.8524
0.8557
0.8487
0.8536
0.8551
0.8560
0.8502
0.8527
0.8575
0.8499
0.8539
0.8508
0.8517
0.8585
0.8551
0.8521
0.8594
0.8481
0.8578
0.8603
0.8594
0.8588
0.8533
0.8502
0.8524
0.8585
0.8588
0.8585
0.8609
0.8548
0.8572
0.8545
0.8582
0.8588
0.8594
0.8514
0.8517
0.8578
0.8508
0.8539
0.8612
0.8600
0.8627
0.8612
0.8624
0.8545
0.8621
0.8600
0.8521
0.8630
0.8557
0.8618
0.8597
0.8609
0.8594
0.8627
0.8597
0.8582
0.8618
0.8633
0.8612
0.8545
0.8582
0.8542
0.8627
0.8615
0.8609
0.8594
0.8517
0.8606
0.8618
0.8539
0.8539
0.8551
0.8557
0.8630
0.8597
0.8636
0.8551
0.8597
0.8630
0.8643
0.8560
0.8640
0.8594
0.8621
0.8539
0.8551
0.8630
0.8643
0.8640
0.8578
0.8560
0.8527
0.8633
0.8572
0.8582
0.8649
0.8646
0.8554
0.8643
0.8536
0.8578
0.8633
0.8536
0.8563
0.8563
0.8630
0.8505
0.8542
0.8612
0.8517
0.8551
0.8560
0.8551
0.8536
0.8505
0.8536
0.8588
0.8527
0.8603
0.8499
0.8569
0.8588
0.8603
0.8502
0.8545
0.8591
0.8572
0.8521
0.8560
0.8609
0.8545
0.8591
0.8588
0.8578
0.8572
0.8597
0.8496
0.8578
0.8524
0.8566
0.8472
0.8536
0.8560
0.8487
0.8557
0.8557
0.8456
0.8536
0.8554
0.8521
0.8502
0.8484
0.8572
0.8499
0.8505
0.8539
0.8511
0.8524
0.8478
0.8560
0.8554
0.8569
0.8551
0.8585
0.8478
0.8499
0.8575
0.8563
0.8566
0.8481
0.8527
0.8560
0.8585
0.8585
0.8533
0.8578
0.8487
0.8591
0.8475
0.8475
0.8563
0.8527
0.8585
0.8582
0.8514
0.8496
0.8542
0.8557
0.8563
0.8578
0.8548
0.8585
0.8563
0.8511
0.8566
0.8505
0.8490
0.8575
0.8469
0.8487
0.8527
0.8578
0.8517
0.8551
0.8566
0.8563
0.8521
0.8459
0.8472
0.8505
0.8481
0.8536
0.8502
0.8496
0.8548
0.8569
0.8490
0.8521
0.8566
0.8530
0.8502
0.8582
0.8560
0.8560
0.8527
0.8496
0.8563
0.8502
0.8594
0.8511
0.8514
0.8597
0.8615
0.8597
0.8569
0.8557
0.8594
0.8609
0.8557
0.8563
0.8597
0.8603
0.8594
0.8594
0.8594
0.8603
0.8545
0.8533
0.8603
0.8542
0.8536
0.8609
0.8563
0.8600
0.8609
0.8597
0.8627
0.8624
0.8597
0.8615
0.8603
0.8597
0.8621
0.8527
0.8594
0.8530
0.8511
0.8554
0.8615
0.8594
0.8597
0.8612
0.8539
0.8572
0.8536
0.8609
0.8615
0.8591
0.8615
0.8618
0.8606
0.8554
0.8624
0.8582
0.8578
0.8563
0.8545
0.8575
0.8548
0.8640
0.8603
0.8621
0.8569
0.8582
0.8533
0.8572
0.8636
0.8548
0.8627
0.8548
0.8594
0.8502
0.8499
0.8524
0.8505
0.8578
0.8511
0.8603
0.8511
0.8505
0.8566
0.8524
0.8585
0.8585
0.8548
0.8533
0.8572
0.8527
0.8609
0.8612
0.8536
0.8542
0.8594
0.8606
0.8609
0.8545
0.8585
0.8597
0.8615
0.8624
0.8585
0.8609
0.8582
0.8578
0.8588
0.8551
0.8548
0.8524
0.8563
0.8557
0.8627
0.8521
0.8627
0.8551
0.8615
0.8569
0.8594
0.8572
0.8536
0.8606
0.8563
0.8612
0.8517
0.8517
0.8533
0.8499
0.8517
0.8542
0.8578
0.8600
0.8536
0.8560
0.8499
0.8463
0.8554
0.8578
0.8511
0.8554
0.8533
0.8517
0.8588
0.8493
0.8517
0.8585
0.8472
0.8499
0.8539
0.8481
0.8517
0.8475
0.8572
0.8545
0.8545
0.8560
0.8536
0.8569
0.8481
0.8530
0.8508
0.8578
0.8536
0.8588
0.8487
0.8475
0.8469
0.8493
0.8575
0.8539
0.8582
0.8533
0.8560
0.8609
0.8499
0.8551
0.8527
0.8514
0.8578
0.8588
0.8600
0.8591
0.8594
0.8533
0.8511
0.8536
0.8597
0.8548
0.8560
0.8514
0.8527
0.8514
0.8612
0.8517
0.8594
0.8539
0.8597
0.8609
0.8609
0.8612
0.8536
0.8600
0.8517
0.8563
0.8600
0.8615
0.8588
0.8603
0.8542
0.8542
0.8594
0.8606
0.8560
0.8560
0.8603
0.8542
0.8615
0.8545
0.8615
0.8609
0.8511
0.8627
0.8591
0.8542
0.8612
0.8618
0.8582
0.8554
0.8521
0.8633
0.8588
0.8542
0.8527
0.8539
0.8536
0.8594
0.8548
0.8588
0.8557
0.8539
0.8612
0.8542
0.8615
0.8594
0.8521
0.8627
0.8566
0.8557
0.8582
0.8618
0.8609
0.8603
0.8578
0.8511
0.8585
0.8594
0.8621
0.8588
0.8524
0.8542
0.8572
0.8533
0.8603
0.8533
0.8594
0.8572
0.8627
0.8594
0.8545
0.8627
0.8618
0.8621
0.8621
0.8609
0.8612
0.8603
0.8548
0.8508
0.8551
0.8545
0.8594
0.8582
0.8536
0.8600
0.8514
0.8597
0.8563
0.8551
0.8585
0.8585
0.8557
0.8585
0.8563
0.8484
0.8505
0.8585
0.8578
0.8527
0.8524
0.8588
0.8499
0.8603
0.8578
0.8600
0.8514
0.8594
0.8533
0.8594
0.8609
0.8511
0.8542
0.8560
0.8600
0.8524
0.8609
0.8609
0.8560
0.8591
0.8511
0.8517
0.8524
0.8609
0.8615
0.8530
0.8603
0.8627
0.8615
0.8582
0.8624
0.8618
0.8517
0.8606
0.8545
0.8646
0.8533
0.8536
0.8618
0.8630
0.8618
0.8646
0.8585
0.8548
0.8536
0.8569
0.8545
0.8527
0.8563
0.8536
0.8640
0.8633
0.8646
0.8554
0.8539
0.8658
0.8612
0.8554
0.8539
0.8643
0.8554
0.8609
0.8548
0.8621
0.8603
0.8588
0.8566
0.8633
0.8615
0.8618
0.8511
0.8542
0.8566
0.8588
0.8621
0.8524
0.8633
0.8597
0.8609
0.8627
0.8621
0.8539
0.8621
0.8545
0.8624
0.8612
0.8606
0.8597
0.8612
0.8615
0.8527
0.8572
0.8542
0.8530
0.8670
0.8591
0.8615
0.8624
0.8652
0.8624
0.8652
0.8588
0.8664
0.8612
0.8630
0.8603
0.8603
0.8667
0.8646
0.8575
0.8588
0.8578
0.8670
0.8594
0.8646
0.8560
0.8603
0.8594
0.8603
0.8603
0.8621
0.8582
0.8560
0.8524
0.8575
0.8624
0.8633
0.8624
0.8606
0.8521
0.8539
0.8572
0.8618
0.8606
0.8603
0.8536
0.8621
0.8566
0.8539
0.8578
0.8524
0.8499
0.8560
0.8597
0.8511
0.8591
0.8609
0.8588
0.8591
0.8582
0.8514
0.8539
0.8527
0.8597
0.8545
0.8545
0.8603
0.8572
0.8597
0.8578
0.8557
0.8557
0.8542
0.8517
0.8545
0.8578
0.8499
0.8569
0.8554
0.8560
0.8600
0.8597
0.8493
0.8594
0.8511
0.8521
0.8585
0.8536
0.8578
0.8521
0.8545
0.8585
0.8563
0.8615
0.8621
0.8502
0.8536
0.8594
0.8630
0.8557
0.8627
0.8633
0.8630
0.8615
0.8578
0.8560
0.8621
0.8609
0.8633
0.8554
0.8640
0.8646
0.8560
0.8560
0.8585
0.8658
0.8630
0.8554
0.8646
0.8621
0.8578
0.8594
0.8640
0.8588
0.8670
0.8667
0.8594
0.8655
0.8582
0.8603
0.8621
0.8655
0.8597
0.8664
0.8572
0.8575
0.8676
0.8603
0.8618
0.8658
0.8603
0.8655
0.8585
0.8585
0.8594
0.8673
0.8591
0.8649
0.8578
0.8572
0.8612
0.8655
0.8633
0.8554
0.8649
0.8649
0.8563
0.8630
0.8646
0.8594
0.8627
0.8551
0.8554
0.8636
0.8633
0.8670
0.8578
0.8572
0.8575
0.8612
0.8585
0.8594
0.8636
0.8597
0.8658
0.8572
0.8661
0.8667
0.8655
0.8591
0.8643
0.8655
0.8551
0.8591
0.8597
0.8585
0.8661
0.8636
0.8643
0.8578
0.8548
0.8594
0.8566
0.8618
0.8612
0.8517
0.8554
0.8615
0.8539
0.8615
0.8569
0.8582
0.8551
0.8615
0.8551
0.8606
0.8618
0.8554
0.8575
0.8527
0.8530
0.8560
0.8612
0.8603
0.8585
0.8548
0.8621
0.8539
0.8536
0.8521
0.8609
0.8594
0.8521
0.8533
0.8569
0.8600
0.8530
0.8606
0.8591
0.8554
0.8542
0.8624
0.8545
0.8615
0.8612
0.8609
0.8612
0.8585
0.8603
0.8612
0.8563
0.8615
0.8554
0.8621
0.8615
0.8554
0.8630
0.8572
0.8585
0.8591
0.8621
0.8527
0.8578
0.8633
0.8545
0.8548
0.8539
0.8582
0.8566
0.8572
0.8542
0.8508
0.8609
0.8582
0.8524
0.8517
0.8536
0.8521
0.8591
0.8582
0.8582
0.8521
0.8502
0.8594
0.8548
0.8591
0.8597
0.8597
0.8521
0.8524
0.8609
0.8606
0.8514
0.8603
0.8612
0.8548
0.8511
0.8572
0.8585
0.8609
0.8530
0.8566
0.8539
0.8585
0.8542
0.8548
0.8554
0.8609
0.8533
0.8554
0.8548
0.8517
0.8548
0.8539
0.8563
0.8560
0.8514
0.8554
0.8582
0.8615
0.8627
0.8594
0.8615
0.8621
0.8618
0.8517
0.8609
0.8594
0.8624
0.8618
0.8594
0.8530
0.8606
0.8582
0.8560
0.8539
0.8597
0.8606
0.8582
0.8517
0.8527
0.8530
0.8627
0.8594
0.8588
0.8600
0.8600
0.8585
0.8606
0.8585
0.8572
0.8627
0.8554
0.8600
0.8578
0.8597
0.8582
0.8621
0.8585
0.8508
0.8594
0.8563
0.8621
0.8539
0.8609
0.8582
0.8524
0.8560
0.8594
0.8594
0.8527
0.8606
0.8585
0.8521
0.8600
0.8588
0.8554
0.8533
0.8502
0.8594
0.8563
0.8517
0.8524
0.8572
0.8594
0.8502
0.8597
0.8612
0.8548
0.8533
0.8603
0.8585
0.8524
0.8600
0.8545
0.8600
0.8563
0.8615
0.8530
