0.9198
0.9106
0.9122
0.9143
0.9140
0.9152
0.9177
0.9158
0.9067
0.9174
0.9155
0.9076
0.9082
0.9113
0.9140
0.9143
0.9064
0.9143
0.9070
0.9091
0.9058
0.9042
0.9140
0.9146
0.9039
0.9085
0.9042
0.9091
0.9155
0.9125
0.9085
0.9109
0.9113
0.9079
0.9052
0.9100
0.9109
0.9064
0.9061
0.9006
0.9052
0.9082
0.9052
0.9103
0.9109
0.9015
0.9076
0.9100
0.9116
0.9039
0.9052
0.9052
0.9109
0.9186
0.9048
0.9042
0.9061
0.9119
0.9027
0.9067
0.9070
0.9134
0.9109
0.9052
0.9116
0.9131
0.9109
0.9094
0.9122
0.9091
0.9058
0.9100
0.9091
0.9079
0.9109
0.9143
0.9073
0.9091
0.9137
0.9070
0.9131
0.9085
0.9146
0.9082
0.9171
0.9189
0.9158
0.9109
0.9192
0.9192
0.9116
0.9201
0.9122
0.9155
0.9216
0.9180
0.9198
0.9134
0.9192
0.9103
0.9201
0.9207
0.9131
0.9152
0.9189
0.9116
0.9164
0.9198
0.9131
0.9204
0.9195
0.9216
0.9180
0.9140
0.9204
0.9109
0.9174
0.9085
0.9113
0.9171
0.9195
0.9079
0.9119
0.9164
0.9116
0.9119
0.9149
0.9155
0.9140
0.9149
0.9125
0.9161
0.9164
0.9171
0.9177
0.9076
0.9097
0.9088
0.9146
0.9177
0.9122
0.9088
0.9103
0.9100
0.9134
0.9146
0.9116
0.9048
0.9097
0.9076
0.9088
0.9134
0.9082
0.9048
0.9085
0.9094
0.9100
0.9158
0.9164
0.9125
0.9171
0.9113
0.9097
0.9088
0.9155
0.9155
0.9155
0.9164
0.9183
0.9091
0.9140
0.9137
0.9109
0.9207
0.9198
0.9207
0.9155
0.9183
0.9171
0.9137
0.9149
0.9207
0.9216
0.9155
0.9183
0.9167
0.9232
0.9152
0.9155
0.9155
0.9189
0.9207
0.9198
0.9134
0.9216
0.9222
0.9225
0.9192
0.9207
0.9204
0.9232
0.9143
0.9195
0.9219
0.9109
0.9131
0.9134
0.9213
0.9198
0.9210
0.9158
0.9180
0.9113
0.9140
0.9186
0.9106
0.9195
0.9171
0.9158
0.9195
0.9116
0.9125
0.9192
0.9174
0.9131
0.9174
0.9091
0.9137
0.9082
0.9076
0.9106
0.9183
0.9109
0.9161
0.9097
0.9167
0.9186
0.9161
0.9204
0.9189
0.9128
0.9195
0.9122
0.9186
0.9094
0.9180
0.9177
0.9100
0.9128
0.9103
0.9164
0.9158
0.9164
0.9158
0.9161
0.9164
0.9164
0.9137
0.9140
0.9079
0.9167
0.9082
0.9161
0.9131
0.9140
0.9119
0.9155
0.9067
0.9180
0.9113
0.9058
0.9091
0.9164
0.9073
0.9088
0.9146
0.9064
0.9125
0.9079
0.9030
0.9076
0.9082
0.9122
0.9052
0.9122
0.9140
0.9109
0.9024
0.9116
0.9052
0.9027
0.9021
0.9036
0.9119
0.9052
0.9012
0.9125
0.9122
0.9116
0.9122
0.9116
0.9131
0.9119
0.9125
0.9079
0.9134
0.9082
0.9155
0.9122
0.9079
0.9164
0.9109
0.9079
0.9158
0.9103
0.9109
0.9180
0.9082
0.9149
0.9116
0.9119
0.9088
0.9125
0.9125
0.9161
0.9106
0.9061
0.9152
0.9061
0.9155
0.9091
0.9088
0.9149
0.9143
0.9167
0.9171
0.9177
0.9137
0.9146
0.9171
0.9143
0.9186
0.9192
0.9106
0.9171
0.9161
0.9109
0.9122
0.9158
0.9113
0.9113
0.9155
0.9146
0.9180
0.9167
0.9180
0.9177
0.9094
0.9067
0.9174
0.9103
0.9183
0.9088
0.9082
0.9167
0.9164
0.9100
0.9180
0.9082
0.9116
0.9161
0.9106
0.9113
0.9155
0.9155
0.9106
0.9171
0.9103
0.9113
0.9094
0.9067
0.9155
0.9036
0.9134
0.9119
0.9131
0.9113
0.9137
0.9091
0.9116
0.9073
0.9082
0.9042
0.9140
0.9131
0.9079
0.9061
0.9055
0.9024
0.9122
0.9125
0.9122
0.9119
0.9134
0.9042
0.9061
0.9067
0.9143
0.9091
0.9125
0.9103
0.9082
0.9045
0.9116
0.9116
0.9109
0.9052
0.9082
0.9113
0.9097
0.9161
0.9128
0.9167
0.9100
0.9171
0.9082
0.9171
0.9091
0.9119
0.9076
0.9109
0.9137
0.9125
0.9070
0.9094
0.9198
0.9152
0.9131
0.9134
0.9149
0.9164
0.9167
0.9152
0.9186
0.9131
0.9213
0.9177
0.9131
0.9213
0.9097
0.9164
0.9189
0.9094
0.9158
0.9161
0.9119
0.9180
0.9106
0.9109
0.9152
0.9058
0.9106
0.9122
0.9070
0.9106
0.9076
0.9061
0.9167
0.9067
0.9131
0.9103
0.9100
0.9079
0.9085
0.9149
0.9058
0.9088
0.9067
0.9055
0.9149
0.9079
0.9113
0.9082
0.9155
0.9137
0.9137
0.9106
0.9036
0.9088
0.9116
0.9082
0.9100
0.9106
0.9119
0.9045
0.9131
0.9106
0.9119
0.9055
0.9085
0.9146
0.9149
0.9167
0.9137
0.9149
0.9177
0.9094
0.9119
0.9183
0.9155
0.9204
0.9128
0.9213
0.9198
0.9158
0.9171
0.9192
0.9219
0.9219
0.9195
0.9219
0.9143
0.9207
0.9119
0.9161
0.9116
0.9152
0.9143
0.9161
0.9119
0.9167
0.9183
0.9109
0.9143
0.9128
0.9195
0.9192
0.9180
0.9207
0.9167
0.9186
0.9106
0.9137
0.9082
0.9158
0.9070
0.9100
0.9161
0.9116
0.9076
0.9149
0.9177
0.9113
0.9180
0.9189
0.9128
0.9180
0.9155
0.9192
0.9180
0.9100
0.9100
0.9183
0.9177
0.9100
0.9155
0.9091
0.9122
0.9091
0.9082
0.9146
0.9106
0.9064
0.9125
0.9167
0.9088
0.9164
0.9097
0.9158
0.9079
0.9082
0.9161
0.9097
0.9109
0.9149
0.9164
0.9134
0.9116
0.9164
0.9146
0.9177
0.9174
0.9094
0.9180
0.9180
0.9067
0.9158
0.9134
0.9070
0.9140
0.9076
0.9140
0.9125
0.9058
0.9137
0.9073
0.9058
0.9076
0.9113
0.9146
0.9131
0.9048
0.9149
0.9122
0.9137
0.9070
0.9106
0.9149
0.9082
0.9064
0.9103
0.9116
0.9146
0.9109
0.9134
0.9085
0.9140
0.9180
0.9134
0.9186
0.9094
0.9180
0.9189
0.9100
0.9158
0.9192
0.9192
0.9186
0.9109
0.9103
0.9164
0.9149
0.9116
0.9171
0.9183
0.9152
0.9198
0.9183
0.9167
0.9158
0.9152
0.9201
0.9143
0.9183
0.9146
0.9198
0.9134
0.9204
0.9094
0.9122
0.9155
0.9207
0.9201
0.9158
0.9177
0.9235
0.9253
0.9238
0.9213
0.9256
0.9204
0.9232
0.9238
0.9216
0.9216
0.9210
0.9167
0.9116
0.9207
0.9219
0.9122
0.9222
0.9183
0.9100
0.9183
0.9097
0.9140
0.9119
0.9100
0.9140
0.9177
0.9167
0.9164
0.9100
0.9094
0.9109
0.9103
0.9061
0.9091
0.9103
0.9164
0.9079
0.9149
0.9125
0.9058
0.9143
0.9073
0.9088
0.9103
0.9061
0.9094
0.9122
0.9137
0.9192
0.9189
0.9125
0.9198
0.9146
0.9137
0.9216
0.9225
0.9161
0.9164
0.9119
0.9225
0.9171
0.9137
0.9198
0.9204
0.9146
0.9195
0.9195
0.9171
0.9097
0.9116
0.9125
0.9158
0.9137
0.9131
0.9122
0.9122
0.9149
0.9131
0.9109
0.9189
0.9131
0.9201
0.9189
0.9232
0.9125
0.9122
0.9140
0.9195
0.9235
0.9216
0.9171
0.9253
0.9216
0.9213
0.9247
0.9161
0.9192
0.9207
0.9207
0.9143
0.9265
0.9177
0.9259
0.9177
0.9180
0.9235
0.9259
0.9174
0.9171
0.9238
0.9216
0.9207
0.9161
0.9213
0.9177
0.9271
0.9198
0.9195
0.9210
0.9286
0.9192
0.9280
0.9286
0.9271
0.9286
0.9290
0.9299
0.9213
0.9299
0.9256
0.9241
0.9192
0.9256
0.9195
0.9201
0.9235
0.9167
0.9222
0.9180
0.9229
0.9143
0.9235
0.9222
0.9229
0.9158
0.9229
0.9253
0.9171
0.9140
0.9180
0.9177
0.9222
0.9216
0.9219
0.9210
0.9177
0.9177
0.9177
0.9210
0.9229
0.9180
0.9180
0.9207
0.9167
0.9259
0.9201
0.9192
0.9180
0.9180
0.9271
0.9274
0.9180
0.9244
0.9268
0.9222
0.9244
0.9216
0.9180
0.9280
0.9189
0.9219
0.9164
0.9241
0.9198
0.9232
0.9213
0.9161
0.9201
0.9143
0.9174
0.9195
0.9137
0.9161
0.9238
0.9195
0.9229
0.9161
0.9201
0.9140
0.9204
0.9164
0.9146
0.9180
0.9119
0.9189
0.9186
0.9128
0.9134
0.9109
0.9109
0.9192
0.9100
0.9119
0.9140
0.9116
0.9155
0.9140
0.9210
0.9158
0.9183
0.9201
0.9235
0.9195
0.9204
0.9241
0.9235
0.9222
0.9183
0.9204
0.9134
0.9247
0.9158
0.9201
0.9149
0.9134
0.9171
0.9131
0.9180
0.9146
0.9143
0.9189
0.9192
0.9192
0.9192
0.9177
0.9140
0.9131
0.9106
0.9116
0.9106
0.9140
0.9171
0.9180
0.9052
0.9152
0.9152
0.9158
0.9134
0.9042
0.9125
0.9119
0.9113
0.9045
0.9042
0.9024
0.9116
0.9079
0.9100
0.9082
0.9039
0.9061
0.9076
0.9082
0.9131
0.9027
0.9085
0.9149
0.9113
0.9158
0.9073
0.9158
0.9158
0.9109
0.9158
0.9149
0.9128
0.9134
0.9174
0.9122
0.9140
0.9134
0.9207
0.9164
0.9207
0.9100
0.9210
0.9140
0.9128
0.9119
0.9082
0.9155
0.9097
0.9189
0.9167
0.9164
0.9167
0.9189
0.9137
0.9164
0.9097
0.9143
0.9158
0.9088
0.9088
0.9039
0.9161
0.9122
0.9088
0.9152
0.9055
0.9085
0.9048
0.9125
0.9073
0.9048
0.9079
0.9088
0.9076
0.9143
0.9076
0.9155
0.9155
0.9158
0.9167
0.9158
0.9152
0.9079
0.9103
0.9076
0.9152
0.9109
0.9116
0.9070
0.9164
0.9140
0.9070
0.9174
0.9155
0.9091
0.9100
0.9106
0.9177
0.9116
0.9122
0.9137
0.9061
0.9085
0.9137
0.9085
0.9116
0.9146
0.9042
0.9140
0.9079
0.9134
0.9128
0.9082
0.9103
0.9033
0.9125
0.9113
0.9116
0.9106
0.9061
0.9109
0.9125
0.9109
0.9158
0.9109
0.9164
0.9116
0.9143
0.9183
0.9125
0.9164
0.9073
0.9167
0.9164
0.9137
0.9137
0.9158
0.9149
0.9131
0.9091
0.9119
0.9158
0.9091
0.9143
0.9106
0.9140
0.9140
0.9122
0.9045
0.9109
0.9137
0.9058
0.9094
0.9064
0.9116
0.9119
0.9128
0.9137
0.9140
0.9122
0.9094
0.9122
0.9174
0.9171
0.9192
0.9174
0.9116
0.9201
0.9125
0.9164
0.9225
0.9210
0.9213
0.9210
0.9210
0.9140
0.9225
0.9183
0.9222
0.9229
0.9140
0.9140
0.9143
0.9225
0.9198
0.9232
0.9122
0.9161
0.9146
0.9131
0.9158
0.9210
0.9131
0.9207
0.9241
0.9216
0.9167
0.9146
0.9137
0.9207
0.9125
0.9143
0.9143
0.9207
0.9137
0.9152
0.9128
0.9119
0.9109
0.9128
0.9171
0.9198
0.9137
0.9125
0.9103
0.9094
0.9146
0.9143
0.9189
0.9158
0.9134
0.9189
0.9198
0.9146
0.9183
0.9158
0.9198
0.9143
0.9158
0.9195
0.9177
0.9204
0.9180
0.9134
0.9198
0.9103
0.9137
0.9137
0.9100
0.9119
0.9122
0.9164
0.9207
0.9180
0.9216
0.9167
0.9152
0.9177
0.9122
0.9134
0.9155
0.9204
0.9216
0.9167
0.9210
0.9131
0.9125
0.9137
0.9222
0.9167
0.9222
0.9241
0.9155
0.9235
0.9253
0.9195
0.9152
0.9274
0.9198
0.9216
0.9232
0.9186
0.9216
0.9106
0.9207
0.9195
0.9149
0.9091
0.9174
0.9061
0.9180
0.9192
0.9183
0.9082
0.9158
0.9158
0.9137
0.9082
0.9088
0.9146
0.9146
0.9055
0.9122
0.9052
0.9116
0.9048
0.9100
0.9064
0.9052
0.9058
0.9122
0.9140
0.9073
0.9042
0.9103
0.9088
0.9131
0.9125
0.9134
0.9134
0.9088
0.9073
0.9125
0.9048
0.9109
0.9055
0.9021
0.9015
0.9085
0.9073
0.9094
0.9048
0.9100
0.9009
0.9052
0.9106
0.9082
0.9079
0.9070
0.9094
0.9030
0.9109
0.9064
0.9042
0.9134
0.9128
0.9070
0.9045
0.9140
0.9149
0.9164
0.9045
0.9137
0.9085
0.9109
0.9113
0.9119
0.9088
0.9073
0.9128
0.9140
0.9122
0.9045
0.9058
0.9091
0.9067
0.9149
0.9155
0.9097
0.9064
0.9137
0.9097
0.9079
0.9073
0.9100
0.9183
0.9091
0.9137
0.9137
0.9119
0.9113
0.9134
0.9143
0.9143
0.9137
0.9161
0.9128
0.9244
0.9219
0.9122
0.9222
0.9219
0.9183
0.9195
0.9253
0.9137
0.9198
0.9235
0.9149
0.9195
0.9152
0.9225
0.9192
0.9219
0.9137
0.9158
0.9116
0.9195
0.9161
0.9125
0.9164
0.9177
0.9125
0.9079
0.9137
0.9091
0.9106
0.9171
0.9131
0.9137
0.9213
0.9207
0.9131
0.9213
0.9213
0.9225
0.9198
0.9171
0.9164
0.9183
0.9192
0.9244
0.9213
0.9250
0.9250
0.9241
0.9235
0.9134
0.9235
0.9171
0.9219
0.9189
0.9198
0.9192
0.9146
0.9125
0.9210
0.9140
0.9180
0.9195
0.9109
0.9171
0.9116
0.9201
0.9195
0.9186
0.9183
0.9122
0.9134
0.9189
0.9161
0.9140
0.9207
0.9174
0.9164
0.9155
0.9213
0.9171
0.9207
0.9155
0.9094
0.9143
0.9204
0.9109
0.9177
0.9158
0.9164
0.9161
0.9085
0.9152
0.9103
0.9158
0.9091
0.9146
0.9076
0.9097
0.9149
0.9164
0.9155
0.9146
0.9122
0.9076
0.9125
0.9143
0.9119
0.9158
0.9122
0.9064
0.9137
0.9140
0.9064
0.9091
0.9076
0.9070
0.9134
0.9131
0.9036
0.9103
0.9116
0.9106
0.9045
0.9064
0.9006
0.9070
0.9094
0.9070
0.9036
0.9082
0.9055
0.9088
0.9033
0.9015
0.9064
0.8966
0.9021
0.9073
0.9061
0.9061
0.9067
0.9030
0.9055
0.9067
0.9042
0.9045
0.9097
0.9052
0.9134
0.9015
0.9109
0.9058
0.9143
0.9076
0.9116
0.9079
0.9061
0.9109
0.9048
0.9085
0.9094
0.9100
0.9058
0.9100
0.9045
0.9094
0.9000
0.9067
0.9003
0.9091
0.9079
0.9012
0.9000
0.9088
0.9045
0.9088
0.9073
0.9055
0.9097
0.9122
0.9097
0.9079
0.9116
0.9128
0.9100
0.9131
0.9061
0.9097
0.9152
0.9140
0.9116
0.9094
0.9097
0.9146
0.9091
0.9158
0.9100
0.9088
0.9152
0.9158
0.9119
0.9088
0.9152
0.9180
0.9122
