0.8554
0.8621
0.8597
0.8643
0.8603
0.8566
0.8621
0.8572
0.8588
0.8649
0.8649
0.8624
0.8560
0.8652
0.8664
0.8643
0.8670
0.8649
0.8652
0.8664
0.8633
0.8664
0.8551
0.8627
0.8578
0.8627
0.8652
0.8585
0.8667
0.8655
0.8664
0.8594
0.8615
0.8609
0.8658
0.8640
0.8658
0.8582
0.8624
0.8560
0.8594
0.8594
0.8633
0.8575
0.8612
0.8545
0.8588
0.8539
0.8542
0.8557
0.8554
0.8554
0.8548
0.8496
0.8508
0.8618
0.8539
0.8524
0.8618
0.8551
0.8539
0.8542
0.8560
0.8551
0.8554
0.8502
0.8511
0.8533
0.8487
0.8536
0.8548
0.8521
0.8609
0.8588
0.8585
0.8609
0.8597
0.8597
0.8582
0.8536
0.8582
0.8597
0.8612
0.8511
0.8594
0.8505
0.8585
0.8618
0.8600
0.8582
0.8572
0.8493
0.8511
0.8511
0.8563
0.8536
0.8585
0.8551
0.8527
0.8481
0.8557
0.8551
0.8588
0.8557
0.8530
0.8575
0.8530
0.8578
0.8557
0.8536
0.8594
0.8508
0.8591
0.8490
0.8588
0.8511
0.8578
0.8511
0.8533
0.8554
0.8603
0.8521
0.8511
0.8514
0.8600
0.8536
0.8600
0.8624
0.8618
0.8594
0.8533
0.8545
0.8545
0.8597
0.8566
0.8533
0.8514
0.8603
0.8496
0.8530
0.8496
0.8542
0.8554
0.8530
0.8560
0.8496
0.8572
0.8603
0.8615
0.8597
0.8615
0.8627
0.8563
0.8612
0.8548
0.8578
0.8655
0.8606
0.8664
0.8649
0.8682
0.8615
0.8704
0.8624
0.8704
0.8698
0.8676
0.8612
0.8597
0.8603
0.8685
0.8698
0.8633
0.8667
0.8673
0.8633
0.8585
0.8621
0.8655
0.8606
0.8575
0.8597
0.8575
0.8652
0.8658
0.8636
0.8667
0.8630
0.8566
0.8545
0.8655
0.8557
0.8545
0.8643
0.8554
0.8609
0.8618
0.8563
0.8627
0.8536
0.8633
0.8548
0.8545
0.8582
0.8585
0.8530
0.8572
0.8643
0.8569
0.8643
0.8585
0.8633
0.8585
0.8640
0.8621
0.8591
0.8542
0.8606
0.8542
0.8566
0.8560
0.8585
0.8560
0.8554
0.8621
0.8533
0.8633
0.8633
0.8597
0.8603
0.8575
0.8575
0.8609
0.8551
0.8624
0.8615
0.8603
0.8572
0.8557
0.8624
0.8511
0.8585
0.8627
0.8542
0.8615
0.8624
0.8603
0.8624
0.8530
0.8606
0.8563
0.8551
0.8618
0.8536
0.8511
0.8594
0.8551
0.8612
0.8612
0.8600
0.8606
0.8566
0.8533
0.8578
0.8612
0.8557
0.8554
0.8569
0.8594
0.8600
0.8530
0.8551
0.8606
0.8578
0.8569
0.8527
0.8496
0.8560
0.8453
0.8536
0.8539
0.8475
0.8524
0.8453
0.8539
0.8554
0.8469
0.8487
0.8447
0.8545
0.8487
0.8478
0.8545
0.8545
0.8530
0.8542
0.8469
0.8511
0.8469
0.8490
0.8548
0.8524
0.8548
0.8554
0.8566
0.8572
0.8542
0.8572
0.8527
0.8502
0.8478
0.8536
0.8508
0.8524
0.8533
0.8508
0.8578
0.8530
0.8588
0.8585
0.8514
0.8600
0.8594
0.8521
0.8569
0.8539
0.8536
0.8530
0.8615
0.8609
0.8530
0.8493
0.8505
0.8612
0.8517
0.8621
0.8545
0.8545
0.8597
0.8551
0.8582
0.8539
0.8560
0.8545
0.8578
0.8575
0.8603
0.8588
0.8554
0.8545
0.8615
0.8524
0.8636
0.8633
0.8582
0.8618
0.8652
0.8557
0.8643
0.8652
0.8603
0.8594
0.8652
0.8640
0.8643
0.8575
0.8606
0.8557
0.8630
0.8618
0.8563
0.8533
0.8600
0.8597
0.8615
0.8527
0.8563
0.8524
0.8603
0.8542
0.8582
0.8496
0.8524
0.8530
0.8545
0.8588
0.8511
0.8588
0.8597
0.8585
0.8554
0.8524
0.8597
0.8542
0.8575
0.8548
0.8582
0.8591
0.8572
0.8551
0.8505
0.8548
0.8572
0.8542
0.8536
0.8487
0.8521
0.8591
0.8527
0.8487
0.8484
0.8572
0.8508
0.8533
0.8563
0.8545
0.8502
0.8499
0.8472
0.8572
0.8466
0.8499
0.8551
0.8548
0.8551
0.8554
0.8539
0.8530
0.8569
0.8566
0.8487
0.8530
0.8582
0.8548
0.8490
0.8505
0.8517
0.8560
0.8478
0.8566
0.8533
0.8575
0.8484
0.8521
0.8517
0.8505
0.8563
0.8524
0.8606
0.8603
0.8499
0.8557
0.8600
0.8609
0.8633
0.8609
0.8676
0.8722
0.8667
0.8719
0.8768
0.8847
0.8777
0.8829
0.8890
0.8917
0.8920
0.8948
0.8926
0.8896
0.8997
0.9009
0.8966
0.9067
0.9061
0.9076
0.9012
0.9079
0.9006
0.9045
0.8990
0.8923
0.8850
0.8725
0.8783
0.8707
0.8694
0.8710
0.8612
0.8679
0.8673
0.8597
0.8676
0.8603
0.8630
0.8636
0.8646
0.8542
0.8612
0.8597
0.8612
0.8548
0.8633
0.8554
0.8621
0.8594
0.8597
0.8569
0.8609
0.8588
0.8582
0.8560
0.8578
0.8560
0.8533
0.8517
0.8545
0.8621
0.8582
0.8551
0.8545
0.8600
0.8548
0.8572
0.8551
0.8560
0.8606
0.8603
0.8585
0.8548
0.8511
0.8569
0.8551
0.8575
0.8612
0.8588
0.8636
0.8603
0.8649
0.8630
0.8740
0.8710
0.8771
0.8826
0.8777
0.8835
0.8795
0.8832
0.8890
0.8875
0.8829
0.8725
0.8746
0.8667
0.8694
0.8612
0.8676
0.8588
0.8630
0.8575
0.8582
0.8600
0.8615
0.8554
0.8621
0.8600
0.8612
0.8533
0.8609
0.8511
0.8505
0.8560
0.8615
0.8554
0.8490
0.8597
0.8585
0.8627
0.8560
0.8517
0.8563
0.8615
0.8643
0.8618
0.8652
0.8630
0.8609
0.8646
0.8603
0.8566
0.8597
0.8527
0.8643
0.8655
0.8655
0.8627
0.8624
0.8588
0.8621
0.8572
0.8646
0.8643
0.8652
0.8569
0.8627
0.8649
0.8646
0.8640
0.8627
0.8624
0.8615
0.8621
0.8533
0.8572
0.8521
0.8585
0.8612
0.8618
0.8542
0.8597
0.8600
0.8618
0.8624
0.8575
0.8527
0.8502
0.8521
0.8594
0.8585
0.8539
0.8551
0.8527
0.8606
0.8545
0.8508
0.8524
0.8572
0.8508
0.8542
0.8575
0.8533
0.8548
0.8594
0.8582
0.8566
0.8560
0.8591
0.8618
0.8603
0.8511
0.8627
0.8505
0.8591
0.8514
0.8521
0.8578
0.8609
0.8603
0.8597
0.8618
0.8572
0.8496
0.8591
0.8609
0.8597
0.8606
0.8612
0.8588
0.8609
0.8600
0.8548
0.8545
0.8505
0.8594
0.8603
0.8514
0.8609
0.8542
0.8514
0.8554
0.8545
0.8606
0.8572
0.8594
0.8572
0.8481
0.8502
0.8569
0.8585
0.8566
0.8484
0.8493
0.8536
0.8563
0.8545
0.8505
0.8548
0.8585
0.8582
0.8514
0.8469
0.8499
0.8575
0.8560
0.8521
0.8499
0.8551
0.8572
0.8539
0.8511
0.8569
0.8484
0.8563
0.8572
0.8560
0.8490
0.8484
0.8517
0.8521
0.8563
0.8539
0.8533
0.8600
0.8572
0.8478
0.8585
0.8472
0.8582
0.8502
0.8594
0.8569
0.8527
0.8502
0.8591
0.8591
0.8588
0.8517
0.8566
0.8527
0.8600
0.8490
0.8499
0.8533
0.8591
0.8585
0.8597
0.8521
0.8511
0.8499
0.8600
0.8569
0.8514
0.8511
0.8511
0.8569
0.8569
0.8514
0.8594
0.8530
0.8594
0.8578
0.8499
0.8563
0.8505
0.8603
0.8560
0.8533
0.8517
0.8600
0.8539
0.8505
0.8594
0.8536
0.8600
0.8539
0.8524
0.8578
0.8585
0.8521
0.8539
0.8594
0.8612
0.8530
0.8548
0.8542
0.8545
0.8606
0.8615
0.8578
0.8588
0.8597
0.8554
0.8588
0.8521
0.8594
0.8615
0.8615
0.8609
0.8548
0.8609
0.8600
0.8603
0.8554
0.8621
0.8545
0.8600
0.8572
0.8612
0.8517
0.8575
0.8615
0.8569
0.8511
0.8536
0.8572
0.8508
0.8603
0.8536
0.8618
0.8600
0.8606
0.8609
0.8533
0.8527
0.8563
0.8578
0.8530
0.8612
0.8603
0.8527
0.8572
0.8575
0.8618
0.8539
0.8575
0.8591
0.8521
0.8566
0.8514
0.8524
0.8530
0.8615
0.8521
0.8600
0.8527
0.8554
0.8508
0.8533
0.8603
0.8524
0.8502
0.8560
0.8505
0.8582
0.8563
0.8591
0.8511
0.8527
0.8511
0.8530
0.8524
0.8557
0.8502
0.8493
0.8499
0.8548
0.8585
0.8517
0.8493
0.8539
0.8545
0.8493
0.8502
0.8490
0.8514
0.8557
0.8456
0.8530
0.8493
0.8505
0.8521
0.8487
0.8554
0.8563
0.8478
0.8517
0.8475
0.8508
0.8511
0.8490
0.8496
0.8481
0.8536
0.8466
0.8527
0.8484
0.8490
0.8517
0.8563
0.8481
0.8514
0.8487
0.8511
0.8533
0.8524
0.8475
0.8469
0.8560
0.8545
0.8572
0.8557
0.8563
0.8563
0.8490
0.8554
0.8490
0.8472
0.8481
0.8548
0.8478
0.8511
0.8502
0.8493
0.8511
0.8524
0.8524
0.8582
0.8527
0.8578
0.8551
0.8527
0.8566
0.8521
0.8563
0.8493
0.8585
0.8533
0.8585
0.8603
0.8554
0.8591
0.8533
0.8597
0.8585
0.8554
0.8612
0.8533
0.8554
0.8572
0.8591
0.8594
0.8603
0.8603
0.8508
0.8527
0.8511
0.8508
0.8572
0.8530
0.8521
0.8603
0.8575
0.8612
0.8600
0.8499
0.8594
0.8514
0.8542
0.8548
0.8594
0.8545
0.8554
0.8563
0.8600
0.8609
0.8609
0.8600
0.8539
0.8612
0.8609
0.8554
0.8606
0.8533
0.8609
0.8560
0.8624
0.8588
0.8536
0.8612
0.8615
0.8557
0.8569
0.8603
0.8594
0.8612
0.8545
0.8551
0.8514
0.8612
0.8606
0.8572
0.8502
0.8612
0.8600
0.8612
0.8551
0.8594
0.8572
0.8578
0.8572
0.8524
0.8594
0.8511
0.8478
0.8429
0.8264
0.8145
0.8170
0.8170
0.8221
0.8206
0.8234
0.8344
0.8313
0.8328
0.8414
0.8374
0.8487
0.8475
0.8514
0.8551
0.8469
0.8466
0.8493
0.8600
0.8521
0.8582
0.8606
0.8563
0.8609
0.8539
0.8627
0.8578
0.8569
0.8612
0.8514
0.8508
0.8627
0.8533
0.8621
0.8582
0.8536
0.8551
0.8615
0.8594
0.8545
0.8621
0.8539
0.8594
0.8618
0.8636
0.8597
0.8646
0.8530
0.8545
0.8560
0.8560
0.8633
0.8603
0.8649
0.8557
0.8649
0.8557
0.8575
0.8661
0.8575
0.8551
0.8652
0.8597
0.8630
0.8636
0.8643
0.8640
0.8588
0.8618
0.8591
0.8557
0.8633
0.8609
0.8524
0.8621
0.8612
0.8594
0.8618
0.8545
0.8615
0.8578
0.8621
0.8600
0.8609
0.8582
0.8527
0.8585
0.8582
0.8524
0.8527
0.8591
0.8591
0.8585
0.8551
0.8597
0.8524
0.8609
0.8575
0.8545
0.8594
0.8502
0.8578
0.8591
0.8435
0.8292
0.8292
0.8218
0.8249
0.8325
0.8307
0.8411
0.8423
0.8359
0.8487
0.8395
0.8456
0.8450
0.8499
0.8527
0.8484
0.8533
0.8496
0.8514
0.8560
0.8630
0.8499
0.8542
0.8530
0.8557
0.8484
0.8545
0.8588
0.8554
0.8575
0.8530
0.8594
0.8493
0.8505
0.8493
0.8524
0.8588
0.8569
0.8572
0.8569
0.8530
0.8582
0.8588
0.8594
0.8600
0.8551
0.8490
0.8572
0.8600
0.8585
0.8508
0.8557
0.8560
0.8572
0.8578
0.8582
0.8514
0.8588
0.8566
0.8578
0.8591
0.8508
0.8572
0.8554
0.8490
0.8585
0.8533
0.8499
0.8530
0.8527
0.8539
0.8472
0.8289
0.8322
0.8261
0.8237
0.8206
0.8286
0.8267
0.8307
0.8383
0.8411
0.8429
0.8365
0.8380
0.8444
0.8417
0.8508
0.8441
0.8450
0.8530
0.8533
0.8530
0.8542
0.8548
0.8478
0.8566
0.8563
0.8533
0.8612
0.8487
0.8472
0.8481
0.8499
0.8527
0.8588
0.8591
0.8600
0.8597
0.8508
0.8609
0.8597
0.8557
0.8563
0.8585
0.8594
0.8591
0.8533
0.8551
0.8563
0.8627
0.8597
0.8539
0.8572
0.8560
0.8585
0.8530
0.8536
0.8527
0.8539
0.8569
0.8560
0.8517
0.8615
0.8572
0.8539
0.8594
0.8600
0.8554
0.8517
0.8542
0.8572
0.8600
0.8582
0.8560
0.8517
0.8609
0.8597
0.8560
0.8563
0.8627
0.8545
0.8533
0.8566
0.8533
0.8313
0.8282
0.8264
0.8246
0.8173
0.8191
0.8319
0.8267
0.8313
0.8386
0.8438
0.8469
0.8423
0.8505
0.8478
0.8478
0.8508
0.8533
0.8572
0.8487
0.8527
0.8521
0.8591
0.8530
0.8585
0.8496
0.8487
0.8594
0.8578
0.8582
0.8566
0.8609
0.8517
0.8578
0.8563
0.8615
0.8578
0.8591
0.8591
0.8597
0.8630
0.8621
0.8548
0.8609
0.8612
0.8621
0.8554
0.8582
0.8557
0.8582
0.8643
0.8585
0.8606
0.8588
0.8545
0.8621
0.8612
0.8609
0.8627
0.8621
0.8627
0.8533
0.8530
0.8588
0.8542
0.8582
0.8627
0.8536
0.8554
0.8578
0.8539
0.8633
0.8649
0.8627
0.8643
0.8545
0.8594
0.8643
0.8597
0.8636
0.8652
0.8661
0.8633
0.8600
0.8615
0.8585
0.8676
0.8627
0.8633
0.8652
0.8575
0.8545
0.8578
0.8658
0.8640
0.8646
0.8649
0.8563
0.8621
0.8588
0.8606
0.8603
0.8615
0.8551
0.8536
0.8621
0.8624
0.8524
0.8572
0.8588
0.8582
0.8438
0.8398
0.8292
0.8304
0.8344
0.8298
0.8347
0.8405
0.8441
0.8463
0.8426
0.8517
0.8588
0.8572
0.8618
0.8505
0.8612
0.8627
0.8542
0.8566
0.8633
0.8646
0.8572
0.8624
0.8640
0.8643
0.8618
0.8578
0.8545
0.8566
0.8636
0.8560
0.8569
0.8594
0.8643
0.8652
0.8569
0.8551
0.8618
0.8572
0.8646
0.8600
0.8646
0.8621
0.8643
0.8646
0.8588
0.8643
0.8588
0.8649
0.8578
0.8551
0.8627
0.8521
0.8612
0.8630
0.8612
0.8578
0.8609
0.8542
0.8621
0.8517
0.8609
0.8609
0.8542
0.8539
0.8539
0.8624
0.8560
0.8612
0.8627
0.8533
0.8603
0.8560
0.8615
0.8557
0.8536
0.8640
0.8530
0.8572
0.8600
0.8612
0.8496
0.8490
0.8417
0.8472
0.8444
0.8493
0.8481
0.8438
0.8475
0.8557
0.8548
0.8585
0.8481
0.8530
0.8594
0.8527
0.8539
0.8606
0.8603
0.8539
0.8545
0.8615
0.8542
0.8633
0.8578
0.8563
0.8560
0.8575
0.8521
0.8545
0.8618
0.8606
0.8624
0.8569
