0.8893
0.8914
0.8899
0.8926
0.8859
0.8917
0.8896
0.8893
0.8890
0.8865
0.8862
0.8936
0.8942
0.8847
0.8859
0.8942
0.8899
0.8954
0.8871
0.8942
0.8911
0.8902
0.8908
0.8881
0.8948
0.8914
0.9018
0.8914
0.8990
0.8945
0.8969
0.8948
0.8942
0.8923
0.8984
0.8911
0.9006
0.8911
0.8942
0.8975
0.8926
0.8978
0.8954
0.8890
0.8948
0.8997
0.8917
0.8905
0.8963
0.8871
0.8914
0.8899
0.8969
0.8945
0.8929
0.8942
0.8936
0.8960
0.8896
0.8890
0.8923
0.8954
0.8902
0.8884
0.8862
0.8957
0.8890
0.8975
0.8978
0.8975
0.8902
0.8859
0.8942
0.8951
0.8881
0.8917
0.8966
0.8960
0.8972
0.8917
0.9009
0.8984
0.9003
0.9003
0.8987
0.8911
0.8951
0.8942
0.9003
0.8945
0.8939
0.8923
0.8936
0.9012
0.8984
0.9018
0.8990
0.9042
0.8963
0.9015
0.8978
0.8954
0.9015
0.8994
0.8945
0.8951
0.9000
0.9009
0.8920
0.9009
0.8997
0.8972
0.8914
0.8914
0.8908
0.8936
0.8942
0.8881
0.8942
0.8948
0.8939
0.8975
0.8908
0.9006
0.8963
0.8914
0.8917
0.8942
0.8966
0.8914
0.8929
0.9000
0.8908
0.8997
0.8951
0.8984
0.8942
0.8905
0.8939
0.9027
0.9033
0.9003
0.8942
0.9033
0.8957
0.8972
0.8975
0.9042
0.9045
0.9036
0.9027
0.8954
0.8990
0.9042
0.9052
0.9015
0.9024
0.9012
0.9027
0.9039
0.8975
0.9033
0.9003
0.9000
0.8981
0.9052
0.9012
0.8942
0.8963
0.8969
0.9039
0.8969
0.9061
0.9052
0.9048
0.9052
0.9052
0.9033
0.9048
0.8981
0.9027
0.9064
0.9061
0.9030
0.9009
0.9021
0.9024
0.8990
0.9036
0.8990
0.9000
0.9042
0.8957
0.8981
0.8987
0.9058
0.8960
0.9039
0.9033
0.8954
0.9033
0.9042
0.8936
0.9024
0.9024
0.9024
0.8978
0.8963
0.9000
0.9003
0.8957
0.8905
0.9018
0.9027
0.8914
0.9012
0.8972
0.8957
0.8972
0.9012
0.8929
0.9042
0.8923
0.9003
0.8966
0.9039
0.9021
0.9042
0.8994
0.8997
0.8954
0.8966
0.9003
0.8939
0.8969
0.8957
0.9033
0.9036
0.9052
0.9048
0.8951
0.9036
0.8978
0.8994
0.8994
0.9045
0.9015
0.9055
0.9027
0.9000
0.8981
0.9036
0.8923
0.9018
0.8997
0.8936
0.8951
0.8981
0.8929
0.8914
0.8945
0.8911
0.8911
0.8948
0.8917
0.9012
0.8939
0.9009
0.8975
0.8945
0.9012
0.8951
0.8942
0.9018
0.9000
0.8917
0.8945
0.8914
0.8954
0.9030
0.9024
0.8954
0.8936
0.9018
0.8972
0.8942
0.8981
0.8984
0.8960
0.8987
0.9009
0.8911
0.9024
0.9012
0.8911
0.9012
0.9018
0.8994
0.8987
0.8942
0.8975
0.8978
0.8954
0.8960
0.8990
0.9033
0.8969
0.8978
0.9015
0.8984
0.8966
0.8969
0.8948
0.9006
0.9045
0.8960
0.8990
0.8963
0.8987
0.8972
0.8945
0.8994
0.9064
0.9009
0.9061
0.9070
0.9076
0.9036
0.9055
0.9009
0.9073
0.9027
0.8984
0.9061
0.9003
0.8984
0.9000
0.9073
0.9052
0.8975
0.9036
0.9052
0.9061
0.8987
0.9030
0.8984
0.9052
0.8945
0.8963
0.9036
0.8981
0.8969
0.8957
0.9052
0.8948
0.8994
0.8963
0.9027
0.9055
0.9006
0.9055
0.9027
0.9015
0.8969
0.9024
0.8926
0.8960
0.9003
0.9012
0.9039
0.8951
0.9012
0.8969
0.9024
0.8969
0.9003
0.9027
0.8975
0.9018
0.8957
0.9033
0.9009
0.8984
0.9012
0.9030
0.9024
0.9021
0.8963
0.9018
0.8987
0.9009
0.8984
0.9048
0.8954
0.9036
0.9045
0.9021
0.8920
0.8926
0.8966
0.8951
0.9027
0.9000
0.8984
0.9015
0.8948
0.9009
0.8948
0.8981
0.8932
0.8978
0.9006
0.8914
0.9012
0.8914
0.8929
0.9006
0.9018
0.8951
0.8914
0.8987
0.9009
0.9021
0.9012
0.8966
0.9027
0.9018
0.9027
0.9015
0.8951
0.9027
0.9015
0.8994
0.9006
0.8926
0.8917
0.8945
0.9012
0.8954
0.9012
0.8972
0.8969
0.8987
0.9018
0.8969
0.8997
0.9027
0.9006
0.9042
0.9042
0.8945
0.9000
0.8987
0.8951
0.8942
0.8954
0.9003
0.9064
0.9000
0.9003
0.9006
0.9048
0.9045
0.9085
0.9042
0.9067
0.9039
0.8987
0.9024
0.9027
0.8978
0.9073
0.9036
0.9027
0.9076
0.8960
0.8954
0.9045
0.9058
0.8987
0.8984
0.8975
0.8990
0.9036
0.9006
0.8942
0.8969
0.8984
0.8936
0.8997
0.9030
0.8994
0.8920
0.8936
0.9033
0.8975
0.8945
0.9000
0.8975
0.9033
0.9024
0.8972
0.9009
0.9000
0.8975
0.9061
0.9058
0.8994
0.9033
0.8994
0.8963
0.9055
0.9058
0.8972
0.9015
0.8963
0.8984
0.8972
0.9027
0.8966
0.9036
0.8942
0.8984
0.9018
0.9006
0.9024
0.8963
0.8911
0.8987
0.9018
0.8960
0.8936
0.8978
0.9012
0.8981
0.9027
0.8948
0.8975
0.8966
0.8960
0.8997
0.9012
0.8939
0.9000
0.9030
0.8972
0.8990
0.9036
0.9045
0.8960
0.8951
0.9015
0.8981
0.9045
0.9003
0.9030
0.9045
0.9018
0.9055
0.9070
0.9048
0.8966
0.8984
0.9036
0.8997
0.8987
0.9009
0.8957
0.9073
0.9055
0.9052
0.9082
0.9067
0.9033
0.8966
0.9052
0.8963
0.9036
0.9024
0.9073
0.9003
0.8997
0.9033
0.9021
0.9036
0.9009
0.9073
0.8975
0.9079
0.9039
0.8987
0.9003
0.9085
0.9024
0.9055
0.9027
0.9079
0.9073
0.9094
0.8981
0.9079
0.9070
0.8987
0.9064
0.9012
0.9015
0.8966
0.8990
0.8969
0.8978
0.8966
0.9039
0.8951
0.8951
0.9027
0.8926
0.9012
0.9009
0.8963
0.8917
0.8939
0.8954
0.9000
0.8945
0.8923
0.8954
0.8939
0.8929
0.8951
0.9009
0.8951
0.8994
0.8926
0.8920
0.8914
0.8926
0.8920
0.8911
0.8929
0.8942
0.8914
0.8939
0.8997
0.8939
0.8926
0.8942
0.8932
0.8945
0.8932
0.8987
0.9009
0.9006
0.8997
0.8951
0.9000
0.9021
0.8972
0.9006
0.9015
0.8963
0.9015
0.8942
0.8997
0.9009
0.9000
0.8972
0.9012
0.9012
0.9027
0.8978
0.9015
0.8966
0.8987
0.9015
0.9003
0.8966
0.8932
0.8902
0.8899
0.8984
0.8990
0.9003
0.9015
0.9015
0.8994
0.8972
0.9012
0.9018
0.9039
0.8942
0.9036
0.8954
0.8951
0.9036
0.8990
0.9061
0.8948
0.9067
0.8978
0.9052
0.9036
0.9073
0.9052
0.9055
0.9079
0.9012
0.9082
0.8969
0.8990
0.9064
0.9000
0.9052
0.9039
0.8969
0.8975
0.8960
0.9012
0.9006
0.8990
0.9024
0.9030
0.9006
0.8963
0.8942
0.8957
0.8960
0.8920
0.8945
0.9015
0.8972
0.9021
0.8942
0.8936
0.9012
0.8972
0.8942
0.8899
0.9015
0.8997
0.8990
0.8926
0.8966
0.8911
0.8997
0.8893
0.8987
0.8868
0.8954
0.8887
0.8951
0.8917
0.8960
0.8942
0.8936
0.8893
0.8871
0.8957
0.8963
0.8954
0.8954
0.8963
0.8948
0.8948
0.8871
0.8884
0.8899
0.8960
0.8905
0.8932
0.8902
0.8939
0.8865
0.8929
0.8905
0.8966
0.8951
0.8875
0.8853
0.8939
0.8865
0.8902
0.8917
0.8981
0.8942
0.8920
0.8997
0.9000
0.8929
0.8966
0.8896
0.8994
0.8984
0.8917
0.8908
0.8890
0.9006
0.8972
0.8923
0.8994
0.8994
0.8929
0.8951
0.8908
0.8954
0.8975
0.8936
0.8954
0.8932
0.8978
0.8990
0.8957
0.8990
0.8994
0.8932
0.8911
0.8981
0.8932
0.9000
0.8981
0.8917
0.9009
0.8963
0.8917
0.8997
0.8942
0.8963
0.8945
0.9015
0.9024
0.8951
0.8914
0.9030
0.8975
0.9006
0.8957
0.8954
0.8951
0.8957
0.8923
0.8954
0.9039
0.8942
0.9027
0.8975
0.8957
0.8942
0.8972
0.8975
0.9052
0.9055
0.8994
0.9055
0.8981
0.9036
0.9006
0.8975
0.8948
0.8994
0.9045
0.9039
0.8957
0.8945
0.8975
0.8969
0.8966
0.8994
0.9027
0.8975
0.8960
0.8948
0.9006
0.8984
0.9033
0.8954
0.8936
0.8948
0.8951
0.8963
0.9042
0.8984
0.8994
0.8957
0.9055
0.9006
0.9048
0.9039
0.9055
0.9018
0.8994
0.9006
0.8994
0.9009
0.9070
0.9070
0.9033
0.9015
0.8994
0.8984
0.9027
0.9082
0.9076
0.8994
0.9079
0.9088
0.9030
0.9006
0.9085
0.9088
0.8975
0.8987
0.9006
0.9055
0.9048
0.9024
0.8975
0.8994
0.8978
0.9021
0.8975
0.8997
0.9018
0.8951
0.9030
0.9030
0.9030
0.8954
0.8960
0.9033
0.9009
0.9027
0.9021
0.9015
0.9012
0.8936
0.9033
0.8945
0.9030
0.9015
0.8957
0.8981
0.8990
0.8911
0.9003
0.8932
0.8990
0.8997
0.9021
0.8978
0.8945
0.8942
0.8908
0.8939
0.9000
0.8923
0.9006
0.9000
0.8929
0.8929
0.8926
0.8939
0.8902
0.8954
0.8939
0.9064
0.9039
0.9219
0.9253
0.9250
0.9296
0.9354
0.9384
0.9354
0.9387
0.9381
0.9320
0.9354
0.9341
0.9354
0.9268
0.9232
0.9244
0.9308
0.9265
0.9250
0.9177
0.9158
0.9155
0.9180
0.9204
0.9164
0.9152
0.9097
0.9143
0.9058
0.9036
0.9097
0.9137
0.9039
0.9106
0.9018
0.9079
0.9088
0.9030
0.8972
0.9012
0.8966
0.8984
0.8990
0.9012
0.8948
0.9000
0.8978
0.8936
0.8939
0.8920
0.9000
0.8929
0.8994
0.8990
0.8954
0.8917
0.8881
0.8890
0.8932
0.8990
0.8920
0.8920
0.8890
0.8890
0.9009
0.8990
0.8994
0.8984
0.8932
0.8987
0.8884
0.8963
0.8972
0.8966
0.8972
0.8868
0.8887
0.8871
0.8951
0.8926
0.8990
0.8978
0.8984
0.8917
0.8936
0.8920
0.8963
0.8975
0.8926
0.8963
0.8994
0.8990
0.8951
0.8893
0.8960
0.8984
0.9000
0.8969
0.8994
0.8917
0.8994
0.8954
0.8902
0.8951
0.9012
0.8981
0.8936
0.9006
0.8963
0.9006
0.9009
0.9018
0.8939
0.8994
0.9018
0.8966
0.9015
0.8994
0.8963
0.9012
0.8975
0.8954
0.8948
0.9021
0.8966
0.8939
0.8990
0.9042
0.9033
0.9015
0.9039
0.8969
0.8963
0.8972
0.8987
0.9036
0.9033
0.8972
0.8963
0.8994
0.9009
0.8939
0.8978
0.8954
0.9030
0.8942
0.9021
0.9024
0.8951
0.8942
0.8905
0.8987
0.8954
0.8936
0.8948
0.8945
0.8948
0.8972
0.9012
0.9024
0.9033
0.8954
0.8936
0.8963
0.9039
0.8942
0.9000
0.8948
0.8966
0.8984
0.9012
0.9033
0.8990
0.9021
0.9021
0.9012
0.9018
0.9018
0.8939
0.8951
0.8963
0.8954
0.9036
0.9033
0.8975
0.8978
0.8951
0.8994
0.8978
0.8948
0.8923
0.8990
0.8972
0.8963
0.8984
0.8951
0.8997
0.8966
0.8948
0.8990
0.8997
0.8902
0.8957
0.8969
0.8945
0.9015
0.9015
0.8945
0.8990
0.9012
0.9015
0.8936
0.8957
0.8936
0.8994
0.8975
0.8954
0.9012
0.8994
0.8926
0.8994
0.8896
0.9009
0.8966
0.8920
0.9015
0.8942
0.9006
0.8911
0.8981
0.8972
0.8920
0.8990
0.8987
0.8908
0.8994
0.8896
0.8929
0.8969
0.8917
0.8966
0.8914
0.8969
0.8896
0.8969
0.8978
0.8990
0.8972
0.8957
0.8932
0.8981
0.8975
0.8902
0.9000
0.8923
0.8997
0.8966
0.9006
0.8984
0.8942
0.8990
0.9000
0.8990
0.8997
0.8951
0.8926
0.8984
0.8957
0.9003
0.8917
0.9003
0.8917
0.8960
0.9018
0.8939
0.9000
0.9003
0.8908
0.8917
0.8981
0.9006
0.8987
0.9006
0.8923
0.8899
0.8978
0.8893
0.9006
0.9003
0.8951
0.8951
0.8994
0.8887
0.8954
0.8960
0.8972
0.8948
0.8920
0.8994
0.8994
0.8908
0.9012
0.8987
0.8902
0.8936
0.8932
0.9012
0.8997
0.8926
0.8997
0.9006
0.9009
0.8939
0.8942
0.9012
0.8939
0.8957
0.9009
0.9012
0.9006
0.8960
0.8899
0.9058
0.8929
0.8984
0.8932
0.8954
0.8951
0.8978
0.8914
0.8893
0.8957
0.8984
0.8902
0.8914
0.8936
0.8923
0.8893
0.8871
0.8969
0.8978
0.8966
0.8978
0.8920
0.8890
0.8954
0.8871
0.8951
0.8957
0.8951
0.8911
0.8917
0.8994
0.8945
0.8932
0.8963
0.9000
0.8994
0.8997
0.9000
0.8975
0.8881
0.8969
0.8902
0.8911
0.8911
0.8893
0.8899
0.8923
0.8963
0.8997
0.8893
0.9006
0.8957
0.8920
0.9009
0.9018
0.8978
0.9000
0.8987
0.9015
0.8975
0.8926
0.9003
0.8923
0.9000
0.9000
0.8951
0.8966
0.8908
0.8978
0.8994
0.8905
0.8957
0.8987
0.8994
0.8902
0.8984
0.8957
0.8990
0.8917
0.8981
0.8917
0.8972
0.8963
0.8948
0.8914
0.8902
0.8923
0.8945
0.8963
0.8881
0.8914
0.8887
0.8939
0.8936
0.8957
0.8963
0.8902
0.8951
0.8963
0.8917
0.8972
0.8926
0.8975
0.8987
0.9009
0.8954
0.8987
0.9015
0.8975
0.8920
0.8957
0.9030
0.9015
0.8966
0.9033
0.9045
0.9018
0.9052
0.8987
0.8975
0.9048
0.9070
0.8972
0.8957
0.8984
0.8981
0.8969
0.9045
0.8963
0.9000
0.8981
0.9021
0.9039
0.9012
0.9021
0.9009
0.9000
0.9042
0.8975
0.9018
0.9021
0.8963
0.9021
0.9015
0.8954
0.8984
0.8945
0.8975
0.8957
0.8942
0.8990
0.8908
0.8905
0.8939
0.8920
0.8975
0.8896
0.9012
0.8917
0.8908
0.8942
0.8929
0.8929
0.8945
0.8990
0.8994
0.8957
0.8911
0.8890
0.8871
0.8914
0.8820
0.8929
0.9000
0.8978
0.8981
0.8975
0.8975
0.8939
0.9000
0.8936
0.8884
0.8920
0.8936
0.8917
0.8997
0.8936
0.8969
0.8914
0.8939
0.8997
0.8942
0.9018
0.9021
0.8990
0.9024
0.8920
0.9033
0.9015
0.8981
0.9024
0.9015
0.9006
0.8936
0.8929
0.8945
0.8929
0.8994
0.8966
0.8987
0.8890
0.8951
0.8890
0.8908
0.8984
