0.2951
0.2890
0.2896
0.2887
0.2975
0.2884
0.2869
0.2954
0.2902
0.2945
0.2914
0.2966
0.2966
0.2930
0.2872
0.2896
0.2972
0.2982
0.2887
0.2963
0.2951
0.2966
0.2902
0.2979
0.2979
0.2982
0.2951
0.2875
0.2972
0.2969
0.2969
0.2975
0.2979
0.2985
0.2963
0.2921
0.2954
0.2884
0.2921
0.2982
0.2933
0.2881
0.2902
0.2863
0.2972
0.2972
0.2982
0.2957
0.2954
0.2896
0.2856
0.2975
0.2957
0.2887
0.2902
0.2948
0.2872
0.2899
0.2936
0.2936
0.2908
0.2866
0.2835
0.2936
0.2911
0.2957
0.2853
0.2936
0.2936
0.2881
0.2924
0.2887
0.2963
0.2933
0.2866
0.2850
0.2878
0.2881
0.2908
0.2933
0.2911
0.2930
0.2960
0.2908
0.2921
0.2957
0.2908
0.2951
0.2884
0.2945
0.2896
0.2930
0.2957
0.2957
0.2859
0.2957
0.2869
0.2863
0.2884
0.2856
0.2859
0.2927
0.2905
0.2911
0.2863
0.2960
0.2859
0.2905
0.2893
0.2951
0.2948
0.2878
0.2960
0.2914
0.2945
0.2878
0.2939
0.2975
0.2911
0.2887
0.2972
0.2957
0.2963
0.2948
0.2957
0.2908
0.2890
0.2927
0.2975
0.2966
0.2930
0.2899
0.2960
0.2979
0.2954
0.2979
0.2954
0.2896
0.2896
0.2939
0.2979
0.2859
0.2954
0.2887
0.2957
0.2884
0.2890
0.2890
0.2963
0.2966
0.2954
0.2954
0.2859
0.2869
0.2945
0.2957
0.2927
0.2884
0.2914
0.2887
0.2951
0.2896
0.2936
0.2908
0.2881
0.2869
0.2945
0.2939
0.2954
0.2908
0.2853
0.2896
0.2936
0.2960
0.2902
0.2893
0.2957
0.2878
0.2957
0.2933
0.2975
0.2951
0.2954
0.2945
0.2881
0.2914
0.2975
0.2954
0.2869
0.2884
0.2881
0.2921
0.2963
0.2884
0.2948
0.2899
0.2896
0.2881
0.2914
0.2933
0.2863
0.2954
0.2939
0.2954
0.2930
0.2948
0.2951
0.2881
0.2975
0.2905
0.2850
0.2890
0.2954
0.2878
0.2939
0.2951
0.2893
0.2902
0.2930
0.2951
0.2863
0.2945
0.2859
0.2844
0.2905
0.2924
0.2869
0.2829
0.2887
0.2896
0.2921
0.2939
0.2939
0.2924
0.2951
0.2930
0.2930
0.2954
0.2921
0.2921
0.2881
0.2878
0.2945
0.2905
0.2924
0.2881
0.2875
0.2914
0.2945
0.2890
0.2911
0.2844
0.2936
0.2881
0.2951
0.2896
0.2905
0.2838
0.2844
0.2872
0.2872
0.2875
0.2930
0.2969
0.2948
0.2948
0.2969
0.2945
0.2930
0.2945
0.2960
0.2866
0.2975
0.2875
0.2924
0.2859
0.2924
0.2982
0.2969
0.2884
0.2945
0.2969
0.2969
0.2954
0.2908
0.2899
0.2908
0.2954
0.2960
0.2951
0.2878
0.2921
0.2954
0.2869
0.2951
0.2979
0.2933
0.2884
0.2921
0.2908
0.2948
0.2896
0.2969
0.2963
0.2896
0.2890
0.2963
0.2954
0.2902
0.2924
0.2890
0.2896
0.2908
0.2887
0.2975
0.2963
0.2957
0.2969
0.2905
0.2905
0.2933
0.2875
0.2957
0.2896
0.2954
0.2963
0.2914
0.2921
0.2927
0.2924
0.2963
0.2936
0.2963
0.2960
0.2942
0.2963
0.2908
0.2957
0.2924
0.2939
0.2902
0.2881
0.2908
0.2960
0.2878
0.2960
0.2914
0.2936
0.2936
0.2951
0.2905
0.2878
0.2963
0.2960
0.2905
0.2905
0.2954
0.2902
0.2869
0.2945
0.2936
0.2902
0.2954
0.2899
0.2948
0.2921
0.2881
0.2908
0.2899
0.2911
0.2921
0.2856
0.2921
0.2899
0.2902
0.2945
0.2878
0.2881
0.2927
0.2960
0.2969
0.2948
0.2859
0.2960
0.2972
0.2954
0.2881
0.2908
0.2963
0.2936
0.2948
0.2954
0.2893
0.2896
0.2859
0.2963
0.2975
0.2890
0.2893
0.2872
0.2902
0.2960
0.2872
0.2859
0.2899
0.2902
0.2890
0.2908
0.2960
0.2899
0.2945
0.2942
0.2936
0.2887
0.2921
0.2881
0.2893
0.2890
0.2985
0.2921
0.2957
0.2899
0.2960
0.2954
0.2972
0.2917
0.2948
0.2939
0.2963
0.2975
0.2936
0.2948
0.2893
0.2979
0.2972
0.2948
0.2902
0.2905
0.2960
0.2856
0.2954
0.2875
0.2872
0.2890
0.2924
0.2863
0.2896
0.2850
0.2951
0.2896
0.2957
0.2884
0.2945
0.2896
0.2957
0.2939
0.2942
0.2975
0.2963
0.2902
0.2951
0.2853
0.2853
0.2939
0.2908
0.2881
0.2899
0.2872
0.2899
0.2911
0.2972
0.2957
0.2872
0.2887
0.2924
0.2954
0.2869
0.2853
0.2960
0.2884
0.2942
0.2896
0.2954
0.2954
0.2933
0.2917
0.2957
0.2853
0.2963
0.2969
0.2969
0.2890
0.2866
0.2960
0.2869
0.2853
0.2905
0.2966
0.2972
0.2960
0.2942
0.2896
0.2963
0.2979
0.2969
0.2975
0.2975
0.2933
0.2921
0.2939
0.2930
0.2917
0.2902
0.2914
0.2939
0.2911
0.2936
0.2917
0.2908
0.2957
0.2902
0.2887
0.2966
0.2963
0.2966
0.2960
0.2951
0.2881
0.2896
0.2963
0.2908
0.2893
0.2933
0.2936
0.2921
0.2884
0.2905
0.2878
0.2960
0.2979
0.2933
0.2881
0.2972
0.2911
0.2979
0.2954
0.2869
0.2908
0.2930
0.2948
0.2899
0.2936
0.2905
0.2887
0.2972
0.2969
0.2899
0.2924
0.2902
0.2930
0.2954
0.2921
0.2917
0.2853
0.2921
0.2951
0.2884
0.2881
0.2908
0.2841
0.2869
0.2869
0.2945
0.2930
0.2844
0.2927
0.2963
0.2850
0.2869
0.2866
0.2927
0.2866
0.2930
0.2869
0.2911
0.2951
0.2872
0.2930
0.2869
0.2942
0.2927
0.2844
0.2939
0.2881
0.2927
0.2881
0.2881
0.2951
0.2856
0.2951
0.2982
0.2954
0.2927
0.2948
0.2905
0.2875
0.2948
0.2884
0.2930
0.2939
0.2869
0.2899
0.2960
0.2948
0.2936
0.2979
0.2899
0.2966
0.2963
0.2911
0.2911
0.2972
0.2963
0.2951
0.2881
0.2930
0.2954
0.2939
0.2957
0.2872
0.2869
0.2881
0.2942
0.2875
0.2945
0.2890
0.2960
0.2921
0.2859
0.2942
0.2911
0.2863
0.2948
0.2921
0.2905
0.2979
0.2954
0.2911
0.2893
0.2902
0.2975
0.2979
0.2991
0.2921
0.3003
0.2994
0.3006
0.3012
0.2994
0.2930
0.3027
0.2939
0.2957
0.3012
0.2911
0.2899
0.2994
0.2979
0.2972
0.2933
0.2808
0.2866
0.2847
0.2850
0.2896
0.2914
0.2905
0.2896
0.2872
0.2884
0.2805
0.2835
0.2808
0.2917
0.2847
0.2914
0.2847
0.2921
0.2917
0.2844
0.2921
0.2936
0.2911
0.2887
0.2884
0.2872
0.2887
0.2878
0.2948
0.2896
0.2884
0.2859
0.2917
0.2939
0.2905
0.2866
0.2911
0.2890
0.2850
0.2908
0.2948
0.2884
0.2875
0.2945
0.2951
0.2887
0.2930
0.2945
0.2872
0.2963
0.2930
0.2951
0.2933
0.2954
0.2921
0.2881
0.2930
0.2884
0.2899
0.2933
0.2936
0.2872
0.2884
0.2881
0.2887
0.2893
0.2948
0.2963
0.2896
0.2890
0.2902
0.2875
0.2887
0.2951
0.2881
0.2875
0.2859
0.2905
0.2899
0.2930
0.2951
0.2933
0.2979
0.2884
0.2896
0.2945
0.2896
0.2942
0.2930
0.2850
0.2905
0.2905
0.2875
0.2960
0.2908
0.2911
0.2890
0.2969
0.2972
0.2921
0.2969
0.2917
0.2975
0.2896
0.2866
0.2884
0.2975
0.2924
0.2969
0.2902
0.2924
0.2966
0.2966
0.2881
0.2911
0.2951
0.2948
0.2942
0.2887
0.2936
0.2945
0.2921
0.2875
0.2884
0.2902
0.2942
0.2969
0.2963
0.2975
0.2954
0.2869
0.2893
0.2893
0.2924
0.2957
0.2969
0.2869
0.2914
0.2939
0.2957
0.2896
0.2896
0.2969
0.2872
0.2884
0.2884
0.2951
0.2972
0.2872
0.2887
0.2914
0.2985
0.2917
0.2960
0.2942
0.2902
0.2972
0.2911
0.2972
0.2890
0.2917
0.2921
0.2905
0.2963
0.2951
0.2875
0.2924
0.2985
0.2914
0.2881
0.2966
0.2902
0.2893
0.2972
0.2887
0.2985
0.2960
0.2942
0.2905
0.2979
0.2917
0.2951
0.2939
0.2960
0.2936
0.2991
0.2930
0.2954
0.2911
0.2945
0.2905
0.2908
0.2927
0.2905
0.2957
0.2902
0.2972
0.2899
0.2911
0.2954
0.2957
0.2957
0.2960
0.2902
0.3015
0.2975
0.2982
0.2863
0.2863
0.2939
0.2954
0.2927
0.2954
0.2975
0.2960
0.2975
0.2927
0.2908
0.2969
0.2902
0.2896
0.2878
0.2960
0.2893
0.2859
0.2969
0.2917
0.2966
0.2881
0.2890
0.2899
0.2939
0.2914
0.2896
0.2908
0.2951
0.2969
0.2893
0.2963
0.2914
0.2896
0.2966
0.2863
0.2936
0.2945
0.2936
0.2924
0.2896
0.2945
0.2887
0.2884
0.2939
0.2924
0.2884
0.2875
0.2951
0.2982
0.2966
0.2951
0.2911
0.2905
0.2878
0.2887
0.2975
0.2866
0.2887
0.2969
0.2942
0.2948
0.2881
0.2866
0.2960
0.2945
0.2875
0.2957
0.2921
0.2917
0.2969
0.2975
0.2853
0.2884
0.2924
0.2963
0.2911
0.2948
0.2884
0.2921
0.2890
0.2945
0.2921
0.2890
0.2951
0.2951
0.2951
0.2963
0.2957
0.2899
0.2960
0.2960
0.2878
0.2957
0.2887
0.2890
0.2954
0.2896
0.2911
0.2881
0.2899
0.2856
0.2972
0.2866
0.2945
0.2942
0.2878
0.2951
0.2960
0.2966
0.2945
0.2872
0.2887
0.2859
0.2957
0.2939
0.2859
0.2881
0.2945
0.2951
0.2939
0.2899
0.2872
0.2893
0.2884
0.2921
0.2896
0.2893
0.2869
0.2902
0.2866
0.2945
0.2841
0.2902
0.2881
0.2917
0.2936
0.2881
0.2856
0.2911
0.2914
0.2963
0.2887
0.2893
0.2921
0.2954
0.2905
0.2878
0.2881
0.2921
0.2890
0.2960
0.2896
0.2908
0.2893
0.2945
0.2884
0.2917
0.2942
0.2872
0.2930
0.2939
0.2911
0.2847
0.2866
0.2951
0.2936
0.2942
0.2951
0.2924
0.2905
0.2902
0.2951
0.2863
0.2933
0.2954
0.2902
0.2872
0.2890
0.2881
0.2835
0.2887
0.2930
0.2875
0.2966
0.2869
0.2911
0.2850
0.2881
0.2902
0.2942
0.2948
0.2890
0.2927
0.2908
0.2884
0.2939
0.2878
0.2927
0.2933
0.2908
0.2902
0.2939
0.2921
0.2869
0.2872
0.2899
0.2881
0.2921
0.2859
0.2872
0.2936
0.2850
0.2878
0.2945
0.2945
0.2939
0.2966
0.2939
0.2884
0.2866
0.2905
0.2954
0.2866
0.2878
0.2942
0.2957
0.2927
0.2954
0.2969
0.2963
0.2969
0.2884
0.2899
0.2963
0.2975
0.2921
0.2881
0.2927
0.2939
0.2942
0.2878
0.2930
0.2960
0.2969
0.2908
0.2957
0.2957
0.2963
0.2914
0.2972
0.2960
0.2902
0.2917
0.2979
0.2982
0.2939
0.2884
0.2899
0.2954
0.2927
0.2969
0.2859
0.2884
0.2985
0.2982
0.2966
0.2969
0.2972
0.2911
0.2972
0.2982
0.2975
0.2957
0.2917
0.2951
0.2936
0.2966
0.2972
0.2969
0.2972
0.2899
0.2902
0.2960
0.2905
0.2963
0.2905
0.2975
0.2966
0.2960
0.2872
0.2869
0.2908
0.2948
0.2911
0.2890
0.2960
0.2972
0.2969
0.2975
0.2927
0.2945
0.2963
0.2893
0.2936
0.2911
0.2972
0.2917
0.2878
0.2960
0.2893
0.2975
0.2960
0.2911
0.2985
0.2902
0.2917
0.2975
0.2972
0.2869
0.2869
0.2908
0.2960
0.2969
0.2863
0.2957
0.2930
0.2927
0.2930
0.2914
0.2853
0.2951
0.2972
0.2957
0.2905
0.2869
0.2960
0.2936
0.2951
0.2908
0.2951
0.2902
0.2847
0.2963
0.2969
0.2982
0.2951
0.2930
0.2869
0.2954
0.2942
0.2866
0.2863
0.2936
0.2972
0.2884
0.2859
0.2969
0.2914
0.2908
0.2948
0.2982
0.2963
0.2878
0.2957
0.2881
0.2988
0.2911
0.2884
0.2908
0.2878
0.2963
0.2930
0.2893
0.2927
0.2875
0.2896
0.2948
0.2905
0.2969
0.2975
0.2927
0.2969
0.2869
0.2960
0.2982
0.2884
0.2972
0.2908
0.2881
0.2914
0.2966
0.2930
0.2927
0.2930
0.2988
0.2988
0.2991
0.2936
0.2979
0.2988
0.2890
0.2991
0.2917
0.2908
0.2982
0.2917
0.2924
0.2921
0.2875
0.2969
0.2936
0.2966
0.2890
0.2969
0.2847
0.2966
0.2948
0.2972
0.2866
0.2896
0.2985
0.2963
0.2921
0.2893
0.2969
0.2957
0.2972
0.2899
0.2966
0.2887
0.2872
0.2878
0.2905
0.2917
0.2930
0.2890
0.2948
0.2890
0.2890
0.2927
0.2881
0.2924
0.2881
0.2963
0.2872
0.2966
0.2933
0.2921
0.2881
0.2969
0.2899
0.2890
0.2881
0.2850
0.2951
0.2866
0.2863
0.2936
0.2948
0.2963
0.2975
0.2924
0.2905
0.2881
0.2902
0.2957
0.2921
0.2954
0.2966
0.2872
0.2887
0.2945
0.2890
0.2936
0.2881
0.2899
0.2917
0.2902
0.2908
0.2921
0.2979
0.2878
0.2957
0.2954
0.2951
0.2966
0.2945
0.2853
0.2921
0.2921
0.2896
0.2853
0.2954
0.2875
0.2930
0.2887
0.2884
0.2899
0.2859
0.2963
0.2939
0.2896
0.2899
0.2844
0.2954
0.2896
0.2939
0.2945
0.2899
0.2951
0.2960
0.2957
0.2902
0.2899
0.2963
0.2872
0.2969
0.2966
0.2951
0.2969
0.2975
0.2924
0.2887
0.2908
0.2969
0.2939
0.2960
0.2954
0.2908
0.2905
0.2951
0.2945
0.2902
0.2979
0.2930
0.2866
0.2930
0.2921
0.2881
0.2875
0.2902
0.2933
0.2924
0.2942
0.2951
0.2847
0.2850
0.2884
0.2866
0.2881
0.2859
0.2927
0.2899
0.2893
0.2884
0.2945
0.2917
0.2966
0.2917
0.2963
0.2957
0.2896
0.2972
0.2936
0.2899
0.2875
0.2887
0.2942
0.2963
0.2878
0.2963
0.2902
0.2887
0.2856
0.2972
0.2881
0.2972
0.2969
0.2951
0.2872
0.2957
0.2954
0.2948
0.2902
0.2975
0.2954
0.2982
0.2930
0.2859
0.2911
0.2921
0.2866
0.2936
0.2972
0.2856
0.2957
0.2899
0.2893
0.2878
0.2963
0.2960
0.2863
0.2954
0.2887
0.2930
0.2939
0.2969
0.2881
0.2957
0.2921
0.2936
0.2945
0.2930
0.2881
0.2899
0.2896
0.2979
0.2881
0.2969
0.2945
0.2975
0.2957
0.2887
0.2899
