0.2899
0.2960
0.2914
0.2914
0.2905
0.2927
0.2921
0.2924
0.2872
0.2853
0.2881
0.2866
0.2911
0.2930
0.2884
0.2969
0.2960
0.2890
0.2945
0.2908
0.2963
0.2969
0.2869
0.2936
0.2866
0.2863
0.2866
0.2963
0.2908
0.2948
0.2884
0.2954
0.2887
0.2933
0.2899
0.2911
0.2957
0.2942
0.2917
0.3009
0.2942
0.2963
0.2994
0.2921
0.3012
0.2942
0.3003
0.2963
0.2975
0.3006
0.2988
0.2899
0.2936
0.2948
0.2902
0.2914
0.2863
0.2893
0.2911
0.2930
0.2911
0.2939
0.2878
0.2908
0.2853
0.2921
0.2939
0.2957
0.2881
0.2908
0.2808
0.2823
0.2881
0.2814
0.2838
0.2811
0.2878
0.2859
0.2783
0.2734
0.2835
0.2863
0.2811
0.2820
0.2789
0.2835
0.2899
0.2881
0.2951
0.2841
0.2908
0.2972
0.2972
0.2979
0.2979
0.2979
0.2948
0.2979
0.2994
0.2917
0.2982
0.2881
0.2957
0.2924
0.2979
0.2957
0.2985
0.3000
0.2936
0.2936
0.2966
0.3012
0.2957
0.3021
0.3027
0.3006
0.2890
0.2994
0.2872
0.2972
0.2863
0.2905
0.2948
0.2954
0.2969
0.2979
0.2972
0.3006
0.2997
0.3006
0.2994
0.2985
0.2902
0.2917
0.2957
0.2881
0.2823
0.2863
0.2856
0.2829
0.2762
0.2768
0.2722
0.2777
0.2774
0.2853
0.2789
0.2832
0.2817
0.2817
0.2820
0.2850
0.2859
0.2808
0.2744
0.2783
0.2777
0.2844
0.2847
0.2802
0.2814
0.2737
0.2719
0.2808
0.2722
0.2704
0.2744
0.2750
0.2719
0.2768
0.2771
0.2786
0.2841
0.2795
0.2820
0.2878
0.2817
0.2771
0.2802
0.2850
0.2835
0.2832
0.2765
0.2795
0.2881
0.2817
0.2811
0.2896
0.2795
0.2811
0.2872
0.2780
0.2789
0.2829
0.2725
0.2710
0.2820
0.2814
0.2829
0.2734
0.2814
0.2792
0.2811
0.2817
0.2744
0.2759
0.2780
0.2792
0.2786
0.2722
0.2780
0.2728
0.2774
0.2847
0.2771
0.2750
0.2737
0.2753
0.2835
0.2765
0.2817
0.2759
0.2829
0.2759
0.2789
0.2798
0.2841
0.2835
0.2811
0.2866
0.2866
0.2811
0.2911
0.2853
0.2902
0.2890
0.2893
0.2969
0.2957
0.2896
0.2951
0.2872
0.2853
0.2905
0.2832
0.2872
0.2853
0.2942
0.2930
0.2881
0.2954
0.2969
0.2905
0.2899
0.2924
0.2948
0.2899
0.2933
0.2887
0.2939
0.2921
0.2975
0.2924
0.2948
0.2963
0.2878
0.2908
0.2972
0.2960
0.2902
0.2960
0.2881
0.2933
0.2905
0.2863
0.2805
0.2805
0.2859
0.2844
0.2844
0.2756
0.2786
0.2737
0.2829
0.2774
0.2844
0.2808
0.2866
0.2835
0.2820
0.2820
0.2817
0.2850
0.2899
0.2917
0.2917
0.2832
0.2795
0.2802
0.2884
0.2792
0.2896
0.2829
0.2887
0.2786
0.2829
0.2884
0.2878
0.2817
0.2893
0.2817
0.2820
0.2811
0.2859
0.2850
0.2899
0.2841
0.2820
0.2808
0.2789
0.2884
0.2911
0.2835
0.2844
0.2914
0.2917
0.2911
0.2875
0.2905
0.2872
0.2802
0.2835
0.2863
0.2893
0.2835
0.2832
0.2905
0.2850
0.2908
0.2856
0.2808
0.2808
0.2850
0.2841
0.2820
0.2740
0.2792
0.2765
0.2731
0.2795
0.2814
0.2759
0.2847
0.2872
0.2792
0.2869
0.2802
0.2859
0.2866
0.2792
0.2759
0.2744
0.2832
0.2774
0.2768
0.2847
0.2869
0.2820
0.2844
0.2863
0.2838
0.2878
0.2792
0.2853
0.2798
0.2795
0.2756
0.2753
0.2777
0.2832
0.2783
0.2856
0.2859
0.2808
0.2737
0.2795
0.2771
0.2734
0.2753
0.2811
0.2808
0.2829
0.2728
0.2814
0.2835
0.2826
0.2740
0.2838
0.2820
0.2792
0.2805
0.2869
0.2841
0.2765
0.2783
0.2841
0.2814
0.2823
0.2747
0.2765
0.2762
0.2820
0.2844
0.2765
0.2817
0.2783
0.2820
0.2884
0.2832
0.2802
0.2896
0.2844
0.2890
0.2838
0.2899
0.2814
0.2869
0.2841
0.2890
0.2847
0.2866
0.2811
0.2866
0.2802
0.2838
0.2817
0.2853
0.2795
0.2802
0.2786
0.2805
0.2890
0.2795
0.2808
0.2856
0.2786
0.2823
0.2838
0.2844
0.2753
0.2832
0.2805
0.2783
0.2856
0.2856
0.2808
0.2795
0.2866
0.2832
0.2792
0.2820
0.2863
0.2844
0.2847
0.2826
0.2878
0.2841
0.2841
0.2921
0.2832
0.2942
0.2942
0.2841
0.2884
0.2820
0.2817
0.2939
0.2902
0.2936
0.2945
0.2954
0.2829
0.2902
0.2856
0.2917
0.2817
0.2808
0.2817
0.2832
0.2792
0.2817
0.2814
0.2768
0.2737
0.2740
0.2786
0.2777
0.2728
0.2695
0.2826
0.2811
0.2814
0.2805
0.2802
0.2777
0.2698
0.2747
0.2698
0.2829
0.2771
0.2783
0.2783
0.2814
0.2829
0.2765
0.2759
0.2832
0.2798
0.2734
0.2759
0.2832
0.2740
0.2750
0.2805
0.2817
0.2792
0.2850
0.2789
0.2811
0.2863
0.2826
0.2850
0.2817
0.2805
0.2802
0.2820
0.2841
0.2881
0.2872
0.2802
0.2808
0.2856
0.2866
0.2817
0.2829
0.2908
0.2911
0.2924
0.2872
0.2930
0.2917
0.2902
0.2902
0.2802
0.2890
0.2914
0.2817
0.2817
0.2933
0.2957
0.2957
0.2878
0.2914
0.2872
0.2835
0.2927
0.2844
0.2869
0.2875
0.2859
0.2881
0.2802
0.2814
0.2872
0.2826
0.2875
0.2872
0.2771
0.2856
0.2838
0.2811
0.2774
0.2826
0.2744
0.2826
0.2811
0.2841
0.2789
0.2759
0.2869
0.2798
0.2911
0.2905
0.2927
0.2878
0.2869
0.2951
0.2966
0.2869
0.2960
0.2936
0.2908
0.2951
0.2975
0.2887
0.2911
0.3009
0.2982
0.3000
0.2927
0.2991
0.2927
0.3006
0.3021
0.2969
0.2945
0.3003
0.2936
0.2954
0.2991
0.2921
0.2975
0.2960
0.2899
0.2954
0.2899
0.2969
0.2960
0.2905
0.2930
0.2927
0.2936
0.2991
0.2924
0.2896
0.2957
0.2936
0.2869
0.2890
0.2872
0.2930
0.2911
0.2869
0.2963
0.2902
0.2856
0.2853
0.2902
0.2835
0.2881
0.2917
0.2917
0.2817
0.2872
0.2878
0.2869
0.2859
0.2881
0.2780
0.2780
0.2844
0.2835
0.2917
0.2829
0.2881
0.2838
0.2921
0.2911
0.2859
0.2850
0.2896
0.2878
0.2856
0.2808
0.2905
0.2774
0.2823
0.2869
0.2838
0.2826
0.2731
0.2707
0.2768
0.2676
0.2765
0.2707
0.2756
0.2820
0.2789
0.2814
0.2795
0.2814
0.2817
0.2893
0.2805
0.2826
0.2859
0.2841
0.2747
0.2814
0.2881
0.2798
0.2872
0.2847
0.2747
0.2759
0.2756
0.2771
0.2838
0.2759
0.2780
0.2783
0.2835
0.2798
0.2850
0.2780
0.2798
0.2792
0.2902
0.2838
0.2863
0.2933
0.2988
0.2997
0.2939
0.2899
0.2933
0.3012
0.2972
0.2972
0.2951
0.2994
0.2899
0.2982
0.2887
0.2875
0.2966
0.2982
0.2939
0.2936
0.2966
0.2975
0.2866
0.2924
0.2966
0.2936
0.2939
0.2921
0.2869
0.2893
0.2933
0.2863
0.2933
0.2847
0.2856
0.2850
0.2905
0.2823
0.2887
0.2853
0.2774
0.2829
0.2783
0.2853
0.2878
0.2829
0.2921
0.2914
0.2841
0.2835
0.2966
0.2911
0.2969
0.2994
0.2905
0.2988
0.2985
0.3027
0.3043
0.2991
0.3018
0.2921
0.2994
0.2936
0.2917
0.2893
0.2939
0.2844
0.2869
0.2838
0.2808
0.2808
0.2744
0.2737
0.2841
0.2762
0.2817
0.2823
0.2872
0.2768
0.2750
0.2771
0.2838
0.2704
0.2753
0.2811
0.2740
0.2713
0.2707
0.2771
0.2747
0.2689
0.2744
0.2759
0.2768
0.2863
0.2826
0.2811
0.2798
0.2875
0.2853
0.2780
0.2780
0.2817
0.2835
0.2890
0.2811
0.2869
0.2838
0.2832
0.2853
0.2838
0.2911
0.2957
0.2948
0.2957
0.2933
0.2905
0.2936
0.2942
0.2951
0.2988
0.3009
0.3003
0.3000
0.3018
0.2924
0.2997
0.2963
0.3018
0.3030
0.2969
0.3009
0.2994
0.2960
0.2994
0.2975
0.2875
0.2930
0.2917
0.2957
0.2933
0.2957
0.2890
0.2979
0.2896
0.2936
0.2969
0.2972
0.2969
0.2954
0.2957
0.2878
0.2856
0.2924
0.2896
0.2820
0.2887
0.2820
0.2750
0.2820
0.2811
0.2750
0.2826
0.2838
0.2859
0.2756
0.2869
0.2875
0.2850
0.2863
0.2802
0.2896
0.2869
0.2908
0.2872
0.2914
0.2957
0.2933
0.2936
0.2963
0.2921
0.2954
0.2945
0.2924
0.2972
0.3012
0.3000
0.2930
0.2966
0.2988
0.3012
0.3043
0.3036
0.3049
0.3055
0.3076
0.3003
0.3000
0.3043
0.3079
0.3058
0.2994
0.3052
0.2975
0.2985
0.2985
0.3070
0.3030
0.3043
0.3018
0.2960
0.2957
0.2905
0.2960
0.2951
0.2908
0.2859
0.2826
0.2756
0.2795
0.2774
0.2768
0.2673
0.2695
0.2692
0.2762
0.2762
0.2698
0.2698
0.2786
0.2719
0.2722
0.2740
0.2859
0.2866
0.2838
0.2908
0.2859
0.2878
0.2933
0.2963
0.2872
0.2948
0.2914
0.2948
0.2969
0.2838
0.2905
0.2863
0.2905
0.2881
0.2826
0.2881
0.2838
0.2814
0.2811
0.2856
0.2847
0.2808
0.2798
0.2823
0.2820
0.2783
0.2740
0.2670
0.2664
0.2667
0.2719
0.2661
0.2701
0.2673
0.2713
0.2643
0.2664
0.2747
0.2722
0.2759
0.2719
0.2725
0.2771
0.2808
0.2756
0.2805
0.2872
0.2844
0.2826
0.2884
0.2884
0.2838
0.2887
0.2905
0.2866
0.2887
0.2841
0.2844
0.2890
0.2899
0.2835
0.2872
0.2902
0.2902
0.2902
0.2832
0.2917
0.2795
0.2814
0.2844
0.2768
0.2853
0.2783
0.2786
0.2789
0.2707
0.2832
0.2826
0.2774
0.2795
0.2841
0.2808
0.2826
0.2832
0.2774
0.2826
0.2802
0.2783
0.2725
0.2740
0.2805
0.2765
0.2817
0.2811
0.2722
0.2744
0.2786
0.2719
0.2792
0.2722
0.2759
0.2670
0.2676
0.2695
0.2658
0.2698
0.2707
0.2689
0.2740
0.2698
0.2744
0.2850
0.2859
0.2811
0.2847
0.2921
0.2921
0.2933
0.2908
0.2914
0.2875
0.2847
0.2890
0.2872
0.2817
0.2802
0.2872
0.2850
0.2722
0.2814
0.2798
0.2808
0.2701
0.2777
0.2713
0.2786
0.2798
0.2728
0.2798
0.2783
0.2692
0.2814
0.2829
0.2771
0.2859
0.2808
0.2887
0.2798
0.2872
0.2844
0.2896
0.2896
0.2817
0.2863
0.2917
0.2814
0.2875
0.2887
0.2817
0.2942
0.2866
0.2930
0.2908
0.2884
0.2872
0.2899
0.2878
0.2917
0.2939
0.2872
0.2924
0.2945
0.2844
0.2924
0.2838
0.2914
0.2921
0.2890
0.2838
0.2930
0.2957
0.2893
0.2893
0.2963
0.2939
0.2936
0.2908
0.2927
0.2905
0.3015
0.2917
0.3000
0.3018
0.2994
0.3027
0.2957
0.2975
0.2997
0.3033
0.3012
0.2936
0.2939
0.3009
0.3024
0.3012
0.2994
0.2954
0.2917
0.2991
0.2866
0.2890
0.2890
0.2966
0.2939
0.2933
0.2957
0.2948
0.2927
0.2945
0.2872
0.2917
0.2881
0.2832
0.2863
0.2789
0.2859
0.2835
0.2850
0.2902
0.2850
0.2850
0.2792
0.2866
0.2890
0.2866
0.2908
0.2896
0.2884
0.2921
0.2945
0.2945
0.2972
0.2887
0.2963
0.2975
0.2878
0.2979
0.2972
0.2936
0.2969
0.2942
0.2985
0.2963
0.2960
0.2863
0.2884
0.2902
0.2866
0.2936
0.2924
0.2884
0.2881
0.2896
0.2887
0.2792
0.2786
0.2783
0.2795
0.2896
0.2899
0.2820
0.2850
0.2835
0.2875
0.2789
0.2805
0.2924
0.2838
0.2936
0.2933
0.2939
0.2881
0.2847
0.2805
0.2884
0.2863
0.2896
0.2866
0.2798
0.2875
0.2820
0.2802
0.2863
0.2756
0.2863
0.2798
0.2832
0.2802
0.2859
0.2765
0.2795
0.2768
0.2820
0.2777
0.2859
0.2847
0.2777
0.2866
0.2832
0.2798
0.2805
0.2811
0.2765
0.2750
0.2744
0.2734
0.2701
0.2750
0.2759
0.2777
0.2719
0.2805
0.2756
0.2759
0.2844
0.2835
0.2850
0.2850
0.2805
0.2774
0.2826
0.2881
0.2896
0.2838
0.2789
0.2820
0.2829
0.2853
0.2798
0.2878
0.2786
0.2902
0.2914
0.2878
0.2939
0.2945
0.2875
0.2829
0.2957
0.2936
0.2921
0.2811
0.2832
0.2899
0.2911
0.2887
0.2866
0.2832
0.2914
0.2896
0.2884
0.2933
0.2921
0.2853
0.2872
0.2753
0.2829
0.2823
0.2817
0.2737
0.2759
0.2771
0.2676
0.2768
0.2737
0.2667
0.2695
0.2731
0.2658
0.2689
0.2676
0.2612
0.2631
0.2670
0.2649
0.2695
0.2643
0.2689
0.2734
0.2740
0.2692
0.2658
0.2698
0.2771
0.2756
0.2740
0.2762
0.2661
0.2686
0.2780
0.2707
0.2808
0.2725
0.2820
0.2835
0.2832
0.2734
0.2802
0.2789
0.2859
0.2847
0.2832
0.2780
0.2835
0.2832
0.2802
0.2771
0.2808
0.2768
0.2789
0.2847
0.2777
0.2835
0.2872
0.2780
0.2872
0.2823
0.2942
0.2930
0.2817
0.2887
0.2859
0.2917
0.2893
0.2930
0.2905
0.2991
0.2936
0.3040
0.2985
0.2979
0.3003
0.2933
0.3000
0.3000
0.3052
0.3012
0.3033
0.3046
0.2917
0.2948
0.2921
0.2939
0.3015
0.3000
0.2957
0.3003
0.2933
0.2945
0.2957
0.2884
0.2942
0.2975
0.2866
0.2963
0.2838
0.2899
0.2798
0.2875
0.2835
0.2802
0.2841
0.2817
0.2762
0.2835
0.2753
0.2832
0.2829
0.2795
0.2783
0.2841
0.2844
0.2866
0.2884
0.2893
0.2850
0.2829
0.2844
0.2878
0.2835
0.2823
0.2798
0.2896
0.2905
0.2847
0.2893
0.2872
0.2905
0.2966
0.2896
0.2972
0.2975
0.2911
0.2921
0.2921
0.2853
0.2927
0.2835
0.2832
0.2853
0.2930
0.2844
0.2847
0.2835
0.2832
0.2820
0.2771
0.2832
0.2786
0.2853
0.2783
0.2899
0.2887
0.2832
0.2896
0.2957
0.2957
0.2972
0.3003
0.3024
0.2975
0.2972
0.2954
0.3012
0.2963
0.2924
0.2927
0.2930
0.2899
0.2869
0.2866
0.2908
0.2829
0.2917
