0.3183
0.3262
0.3204
0.3271
0.3186
0.3207
0.3250
0.3229
0.3229
0.3229
0.3198
0.3195
0.3226
0.3177
0.3198
0.3195
0.3235
0.3229
0.3262
0.3235
0.3207
0.3256
0.3192
0.3223
0.3223
0.3247
0.3244
0.3238
0.3244
0.3241
0.3162
0.3265
0.3152
0.3250
0.3180
0.3226
0.3247
0.3256
0.3262
0.3180
0.3229
0.3180
0.3259
0.3214
0.3180
0.3189
0.3265
0.3168
0.3253
0.3244
0.3262
0.3201
0.3271
0.3265
0.3171
0.3229
0.3152
0.3244
0.3189
0.3253
0.3217
0.3262
0.3223
0.3262
0.3259
0.3201
0.3253
0.3192
0.3177
0.3259
0.3162
0.3250
0.3174
0.3186
0.3232
0.3235
0.3244
0.3250
0.3250
0.3259
0.3253
0.3217
0.3186
0.3165
0.3210
0.3195
0.3250
0.3156
0.3259
0.3220
0.3247
0.3232
0.3271
0.3265
0.3262
0.3253
0.3195
0.3265
0.3262
0.3177
0.3198
0.3180
0.3186
0.3204
0.3232
0.3268
0.3217
0.3235
0.3262
0.3256
0.3235
0.3192
0.3192
0.3296
0.3278
0.3207
0.3186
0.3220
0.3232
0.3250
0.3268
0.3250
0.3265
0.3271
0.3183
0.3259
0.3271
0.3281
0.3265
0.3238
0.3259
0.3226
0.3217
0.3162
0.3192
0.3180
0.3214
0.3259
0.3265
0.3156
0.3149
0.3168
0.3238
0.3192
0.3256
0.3204
0.3226
0.3207
0.3250
0.3189
0.3156
0.3195
0.3174
0.3229
0.3189
0.3174
0.3250
0.3210
0.3238
0.3259
0.3214
0.3174
0.3223
0.3241
0.3256
0.3244
0.3204
0.3204
0.3229
0.3241
0.3259
0.3183
0.3146
0.3217
0.3235
0.3214
0.3275
0.3247
0.3195
0.3214
0.3271
0.3244
0.3268
0.3250
0.3250
0.3195
0.3195
0.3275
0.3275
0.3183
0.3217
0.3268
0.3223
0.3253
0.3287
0.3268
0.3281
0.3268
0.3229
0.3232
0.3293
0.3217
0.3253
0.3278
0.3207
0.3275
0.3232
0.3296
0.3275
0.3281
0.3217
0.3238
0.3281
0.3287
0.3271
0.3259
0.3189
0.3201
0.3278
0.3201
0.3207
0.3287
0.3195
0.3226
0.3250
0.3223
0.3207
0.3244
0.3271
0.3253
0.3177
0.3268
0.3207
0.3284
0.3250
0.3177
0.3223
0.3198
0.3238
0.3177
0.3247
0.3271
0.3268
0.3223
0.3281
0.3189
0.3183
0.3226
0.3296
0.3226
0.3232
0.3287
0.3284
0.3247
0.3262
0.3177
0.3287
0.3186
0.3229
0.3284
0.3311
0.3265
0.3281
0.3250
0.3262
0.3201
0.3232
0.3223
0.3198
0.3296
0.3217
0.3192
0.3287
0.3180
0.3284
0.3262
0.3207
0.3262
0.3259
0.3189
0.3265
0.3168
0.3198
0.3162
0.3253
0.3262
0.3183
0.3271
0.3262
0.3220
0.3168
0.3271
0.3229
0.3226
0.3232
0.3256
0.3217
0.3259
0.3253
0.3275
0.3171
0.3192
0.3171
0.3278
0.3229
0.3265
0.3241
0.3210
0.3195
0.3192
0.3186
0.3256
0.3244
0.3271
0.3278
0.3186
0.3214
0.3244
0.3262
0.3244
0.3226
0.3226
0.3223
0.3238
0.3241
0.3186
0.3256
0.3189
0.3262
0.3177
0.3204
0.3253
0.3223
0.3235
0.3183
0.3241
0.3152
0.3244
0.3217
0.3244
0.3143
0.3214
0.3128
0.3198
0.3192
0.3186
0.3259
0.3247
0.3195
0.3235
0.3192
0.3159
0.3174
0.3171
0.3214
0.3152
0.3171
0.3210
0.3281
0.3195
0.3174
0.3159
0.3210
0.3189
0.3259
0.3235
0.3214
0.3159
0.3275
0.3256
0.3275
0.3271
0.3268
0.3189
0.3189
0.3259
0.3156
0.3198
0.3223
0.3180
0.3174
0.3262
0.3250
0.3256
0.3207
0.3265
0.3271
0.3271
0.3207
0.3186
0.3256
0.3235
0.3189
0.3238
0.3201
0.3244
0.3210
0.3217
0.3198
0.3162
0.3156
0.3223
0.3177
0.3134
0.3247
0.3140
0.3210
0.3241
0.3232
0.3226
0.3171
0.3253
0.3238
0.3256
0.3265
0.3238
0.3168
0.3210
0.3180
0.3241
0.3247
0.3275
0.3265
0.3162
0.3177
0.3214
0.3256
0.3256
0.3271
0.3250
0.3198
0.3256
0.3177
0.3174
0.3201
0.3226
0.3214
0.3250
0.3223
0.3192
0.3189
0.3146
0.3241
0.3174
0.3247
0.3253
0.3271
0.3168
0.3214
0.3214
0.3189
0.3271
0.3192
0.3250
0.3278
0.3256
0.3180
0.3204
0.3195
0.3287
0.3201
0.3192
0.3244
0.3262
0.3250
0.3238
0.3271
0.3217
0.3284
0.3287
0.3253
0.3183
0.3275
0.3223
0.3296
0.3223
0.3210
0.3214
0.3207
0.3217
0.3281
0.3275
0.3247
0.3299
0.3281
0.3232
0.3207
0.3226
0.3296
0.3223
0.3262
0.3207
0.3281
0.3207
0.3186
0.3284
0.3220
0.3232
0.3232
0.3217
0.3220
0.3250
0.3284
0.3207
0.3210
0.3281
0.3223
0.3232
0.3271
0.3281
0.3217
0.3235
0.3210
0.3214
0.3210
0.3268
0.3210
0.3244
0.3250
0.3253
0.3253
0.3247
0.3253
0.3253
0.3198
0.3284
0.3165
0.3268
0.3250
0.3210
0.3290
0.3189
0.3265
0.3265
0.3229
0.3275
0.3171
0.3259
0.3256
0.3195
0.3250
0.3244
0.3271
0.3262
0.3271
0.3210
0.3250
0.3235
0.3186
0.3278
0.3265
0.3259
0.3256
0.3214
0.3271
0.3195
0.3201
0.3238
0.3275
0.3250
0.3204
0.3192
0.3223
0.3275
0.3217
0.3195
0.3198
0.3281
0.3265
0.3232
0.3195
0.3275
0.3195
0.3278
0.3284
0.3241
0.3244
0.3262
0.3226
0.3186
0.3214
0.3195
0.3262
0.3241
0.3259
0.3265
0.3262
0.3220
0.3198
0.3214
0.3271
0.3250
0.3271
0.3201
0.3244
0.3214
0.3265
0.3156
0.3217
0.3262
0.3235
0.3235
0.3284
0.3229
0.3214
0.3244
0.3232
0.3162
0.3195
0.3247
0.3204
0.3192
0.3265
0.3259
0.3162
0.3168
0.3268
0.3214
0.3229
0.3220
0.3223
0.3244
0.3262
0.3171
0.3214
0.3159
0.3189
0.3186
0.3250
0.3177
0.3192
0.3204
0.3275
0.3268
0.3195
0.3275
0.3250
0.3198
0.3189
0.3275
0.3268
0.3210
0.3165
0.3171
0.3232
0.3201
0.3259
0.3192
0.3287
0.3241
0.3201
0.3177
0.3226
0.3250
0.3174
0.3278
0.3162
0.3207
0.3238
0.3189
0.3186
0.3247
0.3256
0.3229
0.3271
0.3259
0.3241
0.3268
0.3177
0.3281
0.3198
0.3235
0.3192
0.3284
0.3250
0.3271
0.3207
0.3281
0.3195
0.3256
0.3162
0.3183
0.3198
0.3210
0.3262
0.3287
0.3180
0.3259
0.3259
0.3268
0.3189
0.3192
0.3168
0.3256
0.3186
0.3207
0.3189
0.3201
0.3226
0.3159
0.3262
0.3256
0.3204
0.3180
0.3232
0.3210
0.3214
0.3192
0.3259
0.3177
0.3174
0.3180
0.3137
0.3229
0.3241
0.3241
0.3229
0.3162
0.3229
0.3253
0.3220
0.3207
0.3220
0.3180
0.3201
0.3217
0.3165
0.3186
0.3226
0.3275
0.3268
0.3180
0.3192
0.3287
0.3180
0.3210
0.3232
0.3210
0.3210
0.3284
0.3198
0.3198
0.3198
0.3232
0.3189
0.3162
0.3265
0.3262
0.3259
0.3250
0.3268
0.3177
0.3262
0.3265
0.3183
0.3244
0.3192
0.3198
0.3259
0.3250
0.3149
0.3253
0.3268
0.3259
0.3159
0.3156
0.3271
0.3250
0.3226
0.3268
0.3204
0.3232
0.3204
0.3192
0.3195
0.3214
0.3186
0.3256
0.3226
0.3207
0.3207
0.3195
0.3247
0.3262
0.3265
0.3198
0.3192
0.3271
0.3271
0.3210
0.3201
0.3287
0.3256
0.3281
0.3204
0.3204
0.3287
0.3235
0.3210
0.3226
0.3180
0.3201
0.3217
0.3275
0.3250
0.3262
0.3177
0.3220
0.3256
0.3256
0.3223
0.3262
0.3268
0.3210
0.3180
0.3271
0.3198
0.3210
0.3195
0.3259
0.3174
0.3165
0.3232
0.3262
0.3174
0.3238
0.3177
0.3259
0.3229
0.3186
0.3250
0.3253
0.3226
0.3229
0.3168
0.3214
0.3195
0.3180
0.3256
0.3183
0.3256
0.3241
0.3198
0.3156
0.3268
0.3198
0.3265
0.3159
0.3262
0.3253
0.3162
0.3265
0.3204
0.3217
0.3250
0.3259
0.3247
0.3275
0.3223
0.3192
0.3210
0.3253
0.3177
0.3271
0.3250
0.3262
0.3214
0.3281
0.3177
0.3165
0.3198
0.3201
0.3287
0.3192
0.3229
0.3241
0.3259
0.3204
0.3287
0.3229
0.3253
0.3281
0.3278
0.3198
0.3189
0.3265
0.3177
0.3244
0.3201
0.3180
0.3156
0.3149
0.3204
0.3229
0.3244
0.3198
0.3177
0.3220
0.3171
0.3149
0.3159
0.3241
0.3198
0.3232
0.3159
0.3152
0.3253
0.3201
0.3183
0.3192
0.3214
0.3262
0.3171
0.3250
0.3162
0.3162
0.3207
0.3278
0.3217
0.3278
0.3214
0.3256
0.3217
0.3250
0.3229
0.3262
0.3265
0.3268
0.3271
0.3220
0.3244
0.3250
0.3192
0.3198
0.3271
0.3247
0.3232
0.3265
0.3256
0.3244
0.3210
0.3256
0.3265
0.3183
0.3198
0.3177
0.3195
0.3186
0.3241
0.3278
0.3192
0.3265
0.3207
0.3165
0.3171
0.3192
0.3256
0.3268
0.3278
0.3180
0.3204
0.3271
0.3253
0.3204
0.3183
0.3198
0.3223
0.3262
0.3232
0.3250
0.3271
0.3177
0.3183
0.3284
0.3183
0.3293
0.3281
0.3275
0.3259
0.3201
0.3168
0.3284
0.3189
0.3214
0.3229
0.3168
0.3204
0.3256
0.3271
0.3198
0.3217
0.3217
0.3275
0.3171
0.3256
0.3256
0.3162
0.3168
0.3241
0.3186
0.3259
0.3168
0.3235
0.3265
0.3183
0.3262
0.3265
0.3226
0.3256
0.3268
0.3265
0.3262
0.3207
0.3183
0.3247
0.3259
0.3247
0.3210
0.3204
0.3183
0.3217
0.3223
0.3229
0.3214
0.3259
0.3223
0.3165
0.3259
0.3226
0.3268
0.3201
0.3143
0.3247
0.3238
0.3180
0.3235
0.3229
0.3156
0.3232
0.3207
0.3189
0.3229
0.3140
0.3168
0.3223
0.3220
0.3177
0.3131
0.3140
0.3174
0.3232
0.3165
0.3168
0.3195
0.3235
0.3226
0.3204
0.3241
0.3152
0.3226
0.3235
0.3149
0.3214
0.3198
0.3204
0.3220
0.3223
0.3253
0.3171
0.3259
0.3232
0.3189
0.3247
0.3247
0.3247
0.3162
0.3235
0.3241
0.3235
0.3265
0.3204
0.3232
0.3149
0.3159
0.3217
0.3183
0.3214
0.3229
0.3152
0.3177
0.3149
0.3226
0.3235
0.3168
0.3226
0.3174
0.3165
0.3159
0.3198
0.3192
0.3177
0.3177
0.3159
0.3256
0.3253
0.3207
0.3186
0.3229
0.3247
0.3250
0.3189
0.3262
0.3180
0.3177
0.3204
0.3247
0.3262
0.3159
0.3159
0.3168
0.3256
0.3268
0.3168
0.3268
0.3247
0.3180
0.3250
0.3268
0.3180
0.3259
0.3214
0.3207
0.3220
0.3204
0.3152
0.3174
0.3232
0.3171
0.3275
0.3165
0.3189
0.3244
0.3244
0.3195
0.3183
0.3180
0.3217
0.3183
0.3241
0.3198
0.3253
0.3244
0.3244
0.3268
0.3232
0.3253
0.3250
0.3259
0.3171
0.3265
0.3226
0.3250
0.3235
0.3223
0.3244
0.3259
0.3262
0.3278
0.3235
0.3198
0.3275
0.3168
0.3241
0.3180
0.3265
0.3174
0.3247
0.3195
0.3210
0.3241
0.3281
0.3226
0.3186
0.3214
0.3259
0.3177
0.3275
0.3192
0.3268
0.3275
0.3235
0.3207
0.3265
0.3177
0.3250
0.3198
0.3195
0.3174
0.3186
0.3214
0.3186
0.3238
0.3265
0.3220
0.3262
0.3204
0.3268
0.3253
0.3265
0.3174
0.3235
0.3210
0.3268
0.3207
0.3259
0.3217
0.3281
0.3195
0.3174
0.3171
0.3244
0.3284
0.3278
0.3296
0.3195
0.3275
0.3223
0.3256
0.3204
0.3284
0.3262
0.3186
0.3223
0.3198
0.3256
0.3204
0.3244
0.3183
0.3207
0.3278
0.3204
0.3238
0.3174
0.3201
0.3278
0.3186
0.3247
0.3256
0.3278
0.3265
0.3256
0.3256
0.3250
0.3259
0.3174
0.3189
0.3238
0.3198
0.3265
0.3177
0.3220
0.3214
0.3162
0.3244
0.3198
0.3241
0.3177
0.3192
0.3223
0.3262
0.3223
0.3262
0.3265
0.3271
0.3250
0.3262
0.3235
0.3186
0.3275
0.3204
0.3244
0.3235
0.3275
0.3250
0.3223
0.3235
0.3287
0.3223
0.3220
0.3290
0.3214
0.3275
0.3287
0.3217
0.3259
0.3278
0.3278
0.3165
0.3210
0.3226
0.3281
0.3183
0.3268
0.3195
0.3281
0.3271
0.3201
0.3293
0.3256
0.3171
0.3268
0.3159
0.3195
0.3278
0.3262
0.3229
0.3259
0.3214
0.3180
0.3226
0.3201
0.3174
0.3275
0.3186
0.3244
0.3165
0.3201
0.3262
0.3278
0.3241
0.3201
0.3217
0.3265
0.3235
0.3235
0.3226
0.3217
0.3271
0.3262
0.3287
0.3198
0.3275
0.3268
0.3183
0.3268
0.3244
0.3235
0.3226
0.3250
0.3275
0.3281
0.3232
0.3250
0.3186
0.3189
0.3201
0.3198
0.3220
0.3262
0.3217
0.3207
0.3284
0.3195
0.3201
0.3189
0.3198
0.3192
0.3265
0.3253
0.3229
0.3204
0.3180
0.3247
0.3268
0.3253
0.3256
0.3247
0.3244
0.3256
0.3195
0.3247
0.3278
0.3284
0.3201
0.3268
0.3262
0.3253
0.3281
0.3156
0.3275
0.3262
0.3223
0.3159
0.3183
0.3235
0.3201
0.3183
0.3192
0.3183
0.3235
0.3241
0.3192
0.3250
0.3183
0.3226
0.3165
0.3229
0.3226
0.3220
0.3210
0.3253
0.3259
0.3162
0.3244
0.3253
0.3256
0.3204
0.3268
0.3198
0.3259
0.3174
0.3284
0.3259
0.3201
0.3186
0.3226
0.3214
0.3210
0.3210
0.3284
0.3262
0.3198
0.3177
0.3287
0.3281
0.3192
0.3287
0.3265
0.3284
0.3271
0.3271
0.3290
0.3177
0.3195
0.3281
0.3253
0.3204
0.3253
0.3192
0.3226
0.3180
0.3250
0.3195
0.3217
0.3284
0.3247
0.3265
0.3250
0.3265
0.3180
0.3262
0.3265
0.3262
0.3262
0.3271
0.3262
0.3244
0.3174
0.3271
0.3259
0.3204
0.3204
0.3281
0.3195
0.3265
0.3268
0.3268
0.3186
0.3268
0.3198
0.3275
0.3195
0.3247
0.3177
0.3275
0.3183
0.3180
0.3247
0.3256
0.3256
0.3253
0.3177
0.3174
0.3229
0.3232
0.3217
0.3265
0.3259
0.3217
0.3183
0.3162
0.3226
