0.2637
0.2570
0.2567
0.2609
0.2618
0.2554
0.2567
0.2560
0.2557
0.2594
0.2545
0.2530
0.2615
0.2634
0.2646
0.2579
0.2591
0.2637
0.2563
0.2548
0.2637
0.2554
0.2588
0.2576
0.2618
0.2554
0.2609
0.2563
0.2512
0.2481
0.2478
0.2548
0.2570
0.2618
0.2573
0.2551
0.2670
0.2576
0.2594
0.2618
0.2673
0.2686
0.2576
0.2646
0.2661
0.2539
0.2612
0.2606
0.2542
0.2579
0.2615
0.2618
0.2655
0.2652
0.2621
0.2573
0.2591
0.2628
0.2542
0.2588
0.2609
0.2509
0.2570
0.2505
0.2505
0.2527
0.2545
0.2475
0.2441
0.2448
0.2438
0.2533
0.2451
0.2457
0.2554
0.2563
0.2573
0.2591
0.2524
0.2588
0.2597
0.2502
0.2493
0.2472
0.2493
0.2512
0.2600
0.2606
0.2551
0.2585
0.2655
0.2695
0.2625
0.2637
0.2728
0.2704
0.2634
0.2649
0.2673
0.2676
0.2646
0.2640
0.2692
0.2667
0.2661
0.2737
0.2640
0.2664
0.2689
0.2637
0.2698
0.2707
0.2649
0.2615
0.2594
0.2698
0.2637
0.2689
0.2652
0.2579
0.2612
0.2600
0.2673
0.2679
0.2597
0.2557
0.2618
0.2524
0.2591
0.2539
0.2579
0.2609
0.2536
0.2567
0.2542
0.2539
0.2551
0.2557
0.2481
0.2490
0.2444
0.2557
0.2551
0.2463
0.2557
0.2588
0.2579
0.2603
0.2621
0.2548
0.2646
0.2597
0.2649
0.2652
0.2652
0.2567
0.2628
0.2670
0.2582
0.2576
0.2588
0.2615
0.2573
0.2576
0.2603
0.2652
0.2621
0.2591
0.2628
0.2551
0.2576
0.2554
0.2505
0.2493
0.2451
0.2484
0.2560
0.2545
0.2563
0.2530
0.2563
0.2539
0.2557
0.2524
0.2539
0.2496
0.2557
0.2496
0.2582
0.2600
0.2612
0.2563
0.2664
0.2615
0.2692
0.2637
0.2637
0.2698
0.2716
0.2695
0.2640
0.2594
0.2612
0.2631
0.2600
0.2478
0.2554
0.2475
0.2505
0.2499
0.2542
0.2530
0.2518
0.2585
0.2625
0.2615
0.2600
0.2573
0.2570
0.2594
0.2573
0.2582
0.2664
0.2658
0.2579
0.2618
0.2698
0.2631
0.2686
0.2686
0.2670
0.2600
0.2661
0.2652
0.2701
0.2658
0.2658
0.2597
0.2585
0.2615
0.2582
0.2563
0.2600
0.2600
0.2643
0.2679
0.2658
0.2628
0.2701
0.2612
0.2609
0.2686
0.2695
0.2695
0.2676
0.2689
0.2695
0.2789
0.2856
0.2777
0.2887
0.2795
0.2795
0.2762
0.2805
0.2792
0.2844
0.2783
0.2753
0.2792
0.2750
0.2792
0.2777
0.2783
0.2756
0.2731
0.2701
0.2661
0.2655
0.2579
0.2539
0.2609
0.2524
0.2600
0.2499
0.2582
0.2563
0.2524
0.2469
0.2478
0.2530
0.2533
0.2588
0.2603
0.2530
0.2560
0.2560
0.2615
0.2628
0.2637
0.2670
0.2713
0.2673
0.2646
0.2664
0.2689
0.2710
0.2698
0.2661
0.2634
0.2597
0.2646
0.2670
0.2609
0.2588
0.2698
0.2689
0.2731
0.2661
0.2710
0.2722
0.2686
0.2777
0.2792
0.2762
0.2774
0.2753
0.2750
0.2707
0.2747
0.2722
0.2823
0.2744
0.2835
0.2728
0.2780
0.2768
0.2814
0.2716
0.2750
0.2692
0.2731
0.2643
0.2701
0.2725
0.2740
0.2740
0.2734
0.2667
0.2704
0.2686
0.2753
0.2634
0.2728
0.2661
0.2673
0.2682
0.2676
0.2737
0.2747
0.2686
0.2756
0.2676
0.2686
0.2762
0.2744
0.2759
0.2728
0.2747
0.2789
0.2716
0.2737
0.2682
0.2792
0.2722
0.2689
0.2670
0.2682
0.2698
0.2710
0.2698
0.2649
0.2698
0.2710
0.2634
0.2710
0.2713
0.2722
0.2740
0.2786
0.2786
0.2805
0.2832
0.2780
0.2826
0.2847
0.2771
0.2820
0.2814
0.2750
0.2734
0.2765
0.2747
0.2667
0.2698
0.2649
0.2664
0.2722
0.2692
0.2646
0.2637
0.2612
0.2646
0.2676
0.2670
0.2658
0.2686
0.2701
0.2725
0.2676
0.2652
0.2631
0.2643
0.2744
0.2759
0.2759
0.2774
0.2649
0.2731
0.2661
0.2640
0.2628
0.2609
0.2600
0.2658
0.2670
0.2594
0.2609
0.2634
0.2634
0.2640
0.2551
0.2585
0.2652
0.2567
0.2570
0.2628
0.2637
0.2591
0.2701
0.2664
0.2682
0.2628
0.2695
0.2643
0.2692
0.2679
0.2576
0.2612
0.2676
0.2719
0.2701
0.2716
0.2771
0.2750
0.2786
0.2792
0.2701
0.2737
0.2704
0.2719
0.2704
0.2753
0.2713
0.2716
0.2725
0.2603
0.2689
0.2682
0.2612
0.2689
0.2649
0.2658
0.2618
0.2576
0.2567
0.2591
0.2585
0.2679
0.2646
0.2670
0.2618
0.2664
0.2676
0.2628
0.2667
0.2606
0.2637
0.2554
0.2557
0.2573
0.2557
0.2515
0.2576
0.2585
0.2615
0.2612
0.2591
0.2655
0.2621
0.2582
0.2661
0.2557
0.2548
0.2563
0.2588
0.2588
0.2643
0.2615
0.2576
0.2679
0.2692
0.2625
0.2640
0.2658
0.2682
0.2725
0.2737
0.2716
0.2728
0.2725
0.2710
0.2762
0.2795
0.2783
0.2768
0.2814
0.2756
0.2798
0.2887
0.2805
0.2786
0.2789
0.2661
0.2710
0.2704
0.2606
0.2588
0.2631
0.2576
0.2612
0.2609
0.2573
0.2597
0.2509
0.2551
0.2615
0.2588
0.2698
0.2695
0.2710
0.2692
0.2725
0.2747
0.2692
0.2798
0.2722
0.2823
0.2762
0.2792
0.2847
0.2808
0.2829
0.2887
0.2835
0.2835
0.2792
0.2762
0.2759
0.2780
0.2820
0.2802
0.2725
0.2750
0.2817
0.2844
0.2774
0.2826
0.2814
0.2747
0.2829
0.2759
0.2841
0.2826
0.2863
0.2814
0.2795
0.2802
0.2771
0.2832
0.2829
0.2823
0.2814
0.2783
0.2710
0.2725
0.2740
0.2634
0.2597
0.2606
0.2570
0.2527
0.2594
0.2484
0.2554
0.2551
0.2527
0.2509
0.2475
0.2438
0.2502
0.2390
0.2484
0.2472
0.2396
0.2417
0.2448
0.2481
0.2518
0.2451
0.2524
0.2521
0.2527
0.2527
0.2539
0.2441
0.2448
0.2515
0.2460
0.2451
0.2472
0.2524
0.2502
0.2493
0.2478
0.2527
0.2570
0.2573
0.2505
0.2612
0.2606
0.2591
0.2664
0.2588
0.2686
0.2625
0.2606
0.2655
0.2628
0.2713
0.2655
0.2625
0.2698
0.2634
0.2643
0.2725
0.2728
0.2628
0.2670
0.2646
0.2667
0.2698
0.2686
0.2701
0.2753
0.2756
0.2686
0.2734
0.2643
0.2713
0.2597
0.2597
0.2679
0.2664
0.2649
0.2634
0.2551
0.2612
0.2612
0.2554
0.2539
0.2548
0.2554
0.2628
0.2646
0.2551
0.2582
0.2652
0.2606
0.2686
0.2695
0.2554
0.2621
0.2591
0.2603
0.2557
0.2563
0.2567
0.2548
0.2512
0.2533
0.2438
0.2478
0.2557
0.2536
0.2509
0.2521
0.2518
0.2612
0.2554
0.2597
0.2609
0.2512
0.2557
0.2567
0.2518
0.2567
0.2496
0.2573
0.2588
0.2554
0.2646
0.2628
0.2655
0.2679
0.2667
0.2615
0.2695
0.2689
0.2676
0.2649
0.2698
0.2698
0.2698
0.2716
0.2747
0.2740
0.2744
0.2673
0.2692
0.2667
0.2563
0.2570
0.2557
0.2652
0.2621
0.2637
0.2548
0.2600
0.2701
0.2722
0.2719
0.2673
0.2670
0.2713
0.2673
0.2655
0.2594
0.2652
0.2762
0.2710
0.2756
0.2740
0.2686
0.2655
0.2628
0.2704
0.2649
0.2728
0.2731
0.2728
0.2734
0.2652
0.2698
0.2701
0.2728
0.2716
0.2707
0.2716
0.2667
0.2664
0.2713
0.2701
0.2722
0.2652
0.2704
0.2646
0.2722
0.2689
0.2774
0.2679
0.2774
0.2725
0.2802
0.2707
0.2768
0.2765
0.2701
0.2640
0.2640
0.2637
0.2612
0.2573
0.2618
0.2673
0.2673
0.2579
0.2582
0.2609
0.2548
0.2597
0.2628
0.2567
0.2628
0.2554
0.2609
0.2570
0.2643
0.2658
0.2625
0.2563
0.2664
0.2567
0.2661
0.2673
0.2573
0.2621
0.2643
0.2652
0.2747
0.2667
0.2698
0.2802
0.2771
0.2762
0.2753
0.2859
0.2811
0.2820
0.2859
0.2759
0.2722
0.2734
0.2826
0.2737
0.2783
0.2734
0.2737
0.2670
0.2679
0.2631
0.2628
0.2612
0.2582
0.2676
0.2628
0.2597
0.2637
0.2689
0.2686
0.2673
0.2731
0.2646
0.2753
0.2710
0.2740
0.2765
0.2676
0.2704
0.2716
0.2747
0.2686
0.2716
0.2762
0.2774
0.2740
0.2783
0.2710
0.2762
0.2762
0.2811
0.2780
0.2805
0.2728
0.2768
0.2777
0.2689
0.2783
0.2719
0.2792
0.2811
0.2841
0.2750
0.2820
0.2780
0.2869
0.2826
0.2829
0.2823
0.2795
0.2783
0.2759
0.2786
0.2676
0.2716
0.2625
0.2664
0.2670
0.2713
0.2637
0.2664
0.2661
0.2725
0.2689
0.2719
0.2679
0.2664
0.2679
0.2676
0.2753
0.2719
0.2744
0.2740
0.2780
0.2658
0.2725
0.2734
0.2725
0.2679
0.2756
0.2731
0.2686
0.2667
0.2762
0.2725
0.2792
0.2762
0.2762
0.2762
0.2808
0.2777
0.2798
0.2820
0.2844
0.2847
0.2859
0.2853
0.2814
0.2850
0.2881
0.2853
0.2786
0.2823
0.2786
0.2814
0.2774
0.2737
0.2704
0.2682
0.2682
0.2716
0.2670
0.2682
0.2597
0.2585
0.2643
0.2640
0.2548
0.2588
0.2524
0.2585
0.2615
0.2621
0.2567
0.2554
0.2640
0.2670
0.2673
0.2740
0.2667
0.2701
0.2704
0.2698
0.2795
0.2762
0.2774
0.2667
0.2719
0.2753
0.2686
0.2686
0.2710
0.2698
0.2628
0.2658
0.2606
0.2618
0.2621
0.2582
0.2576
0.2576
0.2536
0.2603
0.2582
0.2576
0.2563
0.2524
0.2524
0.2573
0.2582
0.2505
0.2512
0.2521
0.2609
0.2518
0.2567
0.2646
0.2634
0.2676
0.2704
0.2728
0.2734
0.2661
0.2725
0.2649
0.2725
0.2652
0.2673
0.2728
0.2704
0.2640
0.2634
0.2655
0.2631
0.2661
0.2649
0.2570
0.2591
0.2628
0.2667
0.2597
0.2612
0.2576
0.2686
0.2667
0.2679
0.2707
0.2621
0.2670
0.2722
0.2646
0.2689
0.2692
0.2603
0.2606
0.2579
0.2542
0.2496
0.2560
0.2551
0.2493
0.2493
0.2536
0.2496
0.2487
0.2502
0.2570
0.2527
0.2539
0.2606
0.2579
0.2606
0.2560
0.2591
0.2554
0.2548
0.2493
0.2496
0.2570
0.2499
0.2615
0.2649
0.2551
0.2649
0.2570
0.2634
0.2530
0.2612
0.2542
0.2557
0.2490
0.2518
0.2512
0.2576
0.2582
0.2570
0.2588
0.2582
0.2588
0.2530
0.2570
0.2591
0.2655
0.2695
0.2704
0.2664
0.2731
0.2707
0.2670
0.2740
0.2771
0.2786
0.2823
0.2811
0.2802
0.2863
0.2884
0.2771
0.2853
0.2835
0.2826
0.2792
0.2789
0.2823
0.2805
0.2789
0.2780
0.2789
0.2753
0.2795
0.2713
0.2798
0.2780
0.2795
0.2734
0.2802
0.2829
0.2814
0.2789
0.2811
0.2762
0.2740
0.2753
0.2829
0.2832
0.2829
0.2762
0.2786
0.2856
0.2869
0.2768
0.2869
0.2811
0.2866
0.2771
0.2829
0.2826
0.2789
0.2771
0.2759
0.2725
0.2658
0.2661
0.2667
0.2652
0.2634
0.2551
0.2621
0.2591
0.2615
0.2557
0.2545
0.2621
0.2576
0.2652
0.2560
0.2628
0.2628
0.2539
0.2545
0.2615
0.2582
0.2481
0.2493
0.2539
0.2460
0.2469
0.2481
0.2478
0.2573
0.2560
0.2628
0.2570
0.2643
0.2585
0.2533
0.2646
0.2637
0.2551
0.2588
0.2652
0.2588
0.2625
0.2628
0.2637
0.2551
0.2612
0.2637
0.2655
0.2664
0.2615
0.2600
0.2689
0.2679
0.2640
0.2719
0.2768
0.2759
0.2792
0.2704
0.2805
0.2795
0.2789
0.2765
0.2707
0.2744
0.2701
0.2734
0.2698
0.2646
0.2719
0.2682
0.2762
0.2728
0.2792
0.2719
0.2734
0.2795
0.2777
0.2716
0.2802
0.2744
0.2704
0.2679
0.2734
0.2618
0.2625
0.2573
0.2573
0.2652
0.2551
0.2652
0.2597
0.2649
0.2603
0.2579
0.2658
0.2652
0.2661
0.2649
0.2640
0.2689
0.2634
0.2667
0.2670
0.2661
0.2573
0.2640
0.2628
0.2618
0.2655
0.2591
0.2628
0.2567
0.2576
0.2560
0.2625
0.2563
0.2573
0.2576
0.2652
0.2655
0.2670
0.2698
0.2716
0.2731
0.2661
0.2734
0.2777
0.2780
0.2789
0.2719
0.2783
0.2798
0.2704
0.2722
0.2710
0.2737
0.2682
0.2780
0.2762
0.2744
0.2759
0.2759
0.2740
0.2728
0.2670
0.2625
0.2734
0.2722
0.2615
0.2676
0.2603
0.2594
0.2579
0.2628
0.2591
0.2597
0.2661
0.2689
0.2698
0.2713
0.2750
0.2753
0.2701
0.2792
0.2771
0.2719
0.2762
0.2701
0.2692
0.2710
0.2765
0.2695
0.2667
0.2676
0.2698
0.2692
0.2771
0.2817
0.2802
0.2765
0.2872
0.2835
0.2762
0.2762
0.2884
0.2829
0.2911
0.2948
0.2850
0.2847
0.2872
0.2979
0.2917
0.2994
0.2890
0.2960
0.2893
0.2985
0.2969
0.2963
0.2917
0.2853
0.2896
0.2844
0.2814
0.2847
0.2783
0.2783
0.2805
0.2853
0.2756
0.2835
0.2765
0.2728
0.2728
0.2780
0.2808
0.2707
0.2777
0.2710
0.2701
0.2802
0.2792
0.2823
0.2789
0.2744
0.2737
0.2747
0.2725
0.2701
0.2692
0.2719
0.2734
0.2744
0.2747
0.2661
0.2701
0.2631
0.2719
0.2704
0.2762
0.2777
0.2780
0.2768
0.2835
0.2768
0.2765
0.2832
0.2783
0.2792
0.2737
0.2661
0.2679
0.2631
0.2570
0.2542
0.2542
0.2612
0.2603
0.2557
0.2560
0.2609
0.2631
0.2704
0.2728
0.2707
0.2753
0.2777
0.2771
0.2750
0.2789
0.2753
0.2805
0.2786
0.2740
0.2762
0.2789
0.2835
0.2808
0.2863
0.2805
0.2850
0.2841
0.2863
0.2759
0.2826
0.2847
0.2750
0.2747
0.2734
0.2759
0.2704
0.2686
0.2783
0.2756
0.2753
0.2722
0.2631
0.2673
0.2570
0.2637
0.2567
0.2658
0.2664
0.2664
0.2573
0.2612
0.2606
0.2682
0.2600
0.2615
0.2722
0.2707
0.2628
0.2722
0.2750
0.2725
0.2722
0.2670
0.2710
0.2695
0.2698
0.2646
0.2676
0.2695
0.2673
0.2701
0.2686
0.2673
0.2637
