0.3055
0.3113
0.3061
0.3058
0.3152
0.3082
0.3046
0.3085
0.3070
0.3043
0.3012
0.3113
0.3067
0.3012
0.2985
0.3027
0.3021
0.3067
0.3061
0.3009
0.3082
0.3076
0.3094
0.3040
0.3104
0.3119
0.3186
0.3165
0.3101
0.3162
0.3156
0.3235
0.3177
0.3180
0.3152
0.3229
0.3168
0.3189
0.3244
0.3217
0.3210
0.3168
0.3137
0.3159
0.3119
0.3082
0.3091
0.3146
0.3180
0.3137
0.3146
0.3085
0.3119
0.3040
0.2985
0.3003
0.3067
0.3036
0.3015
0.3000
0.2951
0.3018
0.3018
0.3043
0.2969
0.2954
0.2951
0.2985
0.3061
0.3076
0.3082
0.3061
0.3003
0.3058
0.2991
0.3085
0.3018
0.3064
0.3027
0.3061
0.3006
0.2997
0.3052
0.3046
0.2966
0.3064
0.3052
0.3030
0.3113
0.3046
0.3143
0.3055
0.3171
0.3168
0.3143
0.3082
0.3192
0.3183
0.3223
0.3207
0.3210
0.3214
0.3125
0.3183
0.3189
0.3152
0.3168
0.3186
0.3223
0.3189
0.3183
0.3177
0.3192
0.3113
0.3067
0.3098
0.3168
0.3168
0.3165
0.3168
0.3113
0.3091
0.3183
0.3177
0.3162
0.3113
0.3149
0.3186
0.3159
0.3189
0.3113
0.3140
0.3220
0.3226
0.3131
0.3159
0.3204
0.3220
0.3204
0.3259
0.3165
0.3207
0.3204
0.3262
0.3189
0.3162
0.3210
0.3253
0.3247
0.3162
0.3162
0.3162
0.3180
0.3244
0.3223
0.3214
0.3238
0.3235
0.3125
0.3232
0.3180
0.3226
0.3226
0.3131
0.3210
0.3204
0.3189
0.3128
0.3146
0.3143
0.3192
0.3110
0.3116
0.3192
0.3131
0.3098
0.3177
0.3107
0.3058
0.3088
0.3098
0.3085
0.3058
0.3076
0.3143
0.3171
0.3137
0.3070
0.3168
0.3156
0.3116
0.3149
0.3122
0.3079
0.3043
0.3070
0.3128
0.3091
0.3171
0.3140
0.3168
0.3107
0.3116
0.3183
0.3171
0.3134
0.3064
0.3088
0.3149
0.3128
0.3079
0.3174
0.3082
0.3152
0.3122
0.3110
0.3171
0.3134
0.3098
0.3116
0.3104
0.3116
0.3055
0.3058
0.3128
0.3027
0.3131
0.3079
0.3061
0.3171
0.3104
0.3091
0.3171
0.3146
0.3168
0.3043
0.3125
0.3128
0.3043
0.3082
0.3131
0.3116
0.3162
0.3165
0.3137
0.3143
0.3049
0.3055
0.3058
0.3094
0.3156
0.3082
0.3122
0.3174
0.3098
0.3128
0.3061
0.3134
0.3085
0.3137
0.3079
0.3018
0.3018
0.3064
0.3110
0.3107
0.3052
0.3088
0.3046
0.3140
0.3049
0.3070
0.3122
0.3174
0.3183
0.3119
0.3201
0.3168
0.3156
0.3214
0.3137
0.3168
0.3204
0.3104
0.3119
0.3168
0.3143
0.3088
0.3143
0.3159
0.3125
0.3052
0.3018
0.3058
0.3067
0.3012
0.2966
0.3073
0.3091
0.3009
0.3079
0.3101
0.3119
0.3122
0.3046
0.3098
0.3143
0.3137
0.3149
0.3146
0.3082
0.3107
0.3128
0.3134
0.3098
0.3027
0.3049
0.3094
0.3061
0.3119
0.3043
0.3149
0.3049
0.3128
0.3067
0.3146
0.3110
0.3125
0.3159
0.3125
0.3152
0.3043
0.3137
0.3137
0.3091
0.3104
0.3113
0.3156
0.3159
0.3214
0.3152
0.3232
0.3226
0.3238
0.3259
0.3223
0.3174
0.3183
0.3174
0.3256
0.3262
0.3195
0.3259
0.3171
0.3198
0.3177
0.3186
0.3220
0.3210
0.3159
0.3192
0.3098
0.3165
0.3137
0.3049
0.3076
0.3125
0.3149
0.3131
0.3082
0.3149
0.3085
0.3076
0.3107
0.3043
0.3104
0.3088
0.3055
0.3067
0.3036
0.3070
0.3061
0.3006
0.3082
0.3064
0.3070
0.3076
0.3052
0.3052
0.3079
0.3055
0.3043
0.3049
0.3070
0.3085
0.3061
0.3052
0.3104
0.3110
0.3116
0.2994
0.3079
0.3033
0.3091
0.3098
0.3067
0.3082
0.3058
0.3079
0.3085
0.3070
0.3000
0.3119
0.3079
0.3061
0.3159
0.3146
0.3033
0.3094
0.3101
0.3143
0.3043
0.3070
0.3146
0.3064
0.3058
0.3137
0.3049
0.3082
0.3125
0.3061
0.3134
0.3152
0.3049
0.3125
0.3113
0.3192
0.3122
0.3149
0.3104
0.3149
0.3171
0.3140
0.3198
0.3192
0.3146
0.3195
0.3134
0.3198
0.3152
0.3128
0.3149
0.3040
0.3055
0.3107
0.3110
0.3110
0.3082
0.3165
0.3165
0.3061
0.3101
0.3198
0.3140
0.3189
0.3122
0.3146
0.3192
0.3214
0.3204
0.3162
0.3223
0.3210
0.3214
0.3137
0.3195
0.3104
0.3152
0.3088
0.3079
0.3067
0.3046
0.3140
0.3082
0.3131
0.3073
0.3058
0.3040
0.3131
0.3076
0.3104
0.3040
0.3082
0.3110
0.3067
0.3171
0.3101
0.3140
0.3085
0.3061
0.3104
0.3043
0.3076
0.3152
0.3134
0.3079
0.3125
0.3043
0.3030
0.3061
0.3113
0.3061
0.3082
0.3116
0.3036
0.3098
0.3070
0.3079
0.3116
0.3052
0.3159
0.3122
0.3043
0.3113
0.3101
0.3064
0.3073
0.3079
0.3018
0.3079
0.3082
0.3006
0.3009
0.3052
0.3046
0.3058
0.3033
0.3024
0.2994
0.3055
0.3018
0.3119
0.3043
0.3152
0.3156
0.3159
0.3162
0.3094
0.3159
0.3137
0.3171
0.3046
0.3067
0.3131
0.3073
0.3137
0.3152
0.3134
0.3159
0.3098
0.3055
0.3128
0.3082
0.3140
0.3085
0.3021
0.3079
0.3091
0.3076
0.3046
0.3049
0.3152
0.3152
0.3171
0.3113
0.3104
0.3073
0.3061
0.3033
0.3070
0.3091
0.3055
0.3058
0.2997
0.3012
0.3033
0.2994
0.3018
0.3088
0.3101
0.3030
0.3110
0.3067
0.3067
0.3128
0.3113
0.3101
0.3076
0.3061
0.3052
0.3119
0.3128
0.3070
0.3119
0.3149
0.3061
0.3174
0.3098
0.3113
0.3085
0.3128
0.3180
0.3149
0.3116
0.3143
0.3082
0.3140
0.3128
0.3128
0.3076
0.3079
0.3110
0.3067
0.3033
0.3101
0.3113
0.3033
0.3119
0.3110
0.3119
0.3033
0.3070
0.3104
0.3073
0.3033
0.3073
0.3067
0.3098
0.3088
0.3046
0.3107
0.3098
0.3018
0.3088
0.3003
0.3079
0.2975
0.3015
0.3012
0.3085
0.3000
0.3055
0.3043
0.3076
0.3110
0.3128
0.3146
0.3076
0.3113
0.3055
0.3085
0.3162
0.3162
0.3149
0.3055
0.3070
0.3094
0.3098
0.3110
0.3085
0.3043
0.3131
0.3134
0.3094
0.3079
0.3082
0.3165
0.3171
0.3104
0.3149
0.3189
0.3177
0.3082
0.3137
0.3070
0.3076
0.3180
0.3107
0.3128
0.3055
0.3101
0.3116
0.3104
0.3046
0.3116
0.3082
0.3125
0.3134
0.3076
0.3101
0.3098
0.3049
0.3076
0.3098
0.3046
0.3098
0.3152
0.3149
0.3061
0.3125
0.3110
0.3189
0.3156
0.3149
0.3067
0.3055
0.3125
0.3128
0.3012
0.3098
0.3101
0.3006
0.3058
0.2985
0.3058
0.3033
0.3079
0.3079
0.2988
0.3018
0.3009
0.3079
0.3000
0.3043
0.3052
0.3073
0.3101
0.3162
0.3113
0.3076
0.3137
0.3125
0.3101
0.3134
0.3046
0.3128
0.3064
0.3055
0.3061
0.3094
0.3098
0.3003
0.3070
0.3052
0.3043
0.2982
0.3058
0.2960
0.3058
0.2982
0.3064
0.3070
0.3088
0.3079
0.3049
0.3058
0.3033
0.3036
0.3076
0.3070
0.3082
0.3055
0.3033
0.3094
0.3015
0.3064
0.3046
0.3040
0.3101
0.3015
0.3076
0.3104
0.3091
0.3021
0.3088
0.3030
0.3000
0.3082
0.3003
0.3009
0.3091
0.3091
0.3107
0.3104
0.3094
0.3076
0.3116
0.3101
0.3152
0.3189
0.3104
0.3195
0.3107
0.3152
0.3180
0.3189
0.3168
0.3177
0.3149
0.3165
0.3110
0.3101
0.3165
0.3162
0.3079
0.3156
0.3098
0.3076
0.3085
0.3061
0.3107
0.3052
0.3125
0.3024
0.3137
0.3125
0.3073
0.3134
0.3128
0.3046
0.3027
0.3140
0.3058
0.3101
0.3128
0.3006
0.3064
0.3052
0.3027
0.3015
0.3021
0.2951
0.2972
0.3015
0.3012
0.2982
0.3070
0.3061
0.3046
0.3070
0.3064
0.3067
0.3024
0.3049
0.3088
0.3030
0.3030
0.3043
0.3061
0.3098
0.3076
0.3009
0.3088
0.3058
0.3091
0.3009
0.3076
0.3076
0.3137
0.3064
0.3174
0.3180
0.3113
0.3128
0.3195
0.3134
0.3088
0.3168
0.3122
0.3110
0.3046
0.3128
0.3076
0.3168
0.3125
0.3143
0.3156
0.3140
0.3143
0.3165
0.3085
0.3137
0.3091
0.3119
0.3104
0.3198
0.3104
0.3201
0.3131
0.3119
0.3195
0.3201
0.3186
0.3119
0.3162
0.3110
0.3198
0.3116
0.3131
0.3101
0.3134
0.3134
0.3131
0.3079
0.3082
0.3110
0.3076
0.3143
0.3058
0.3046
0.3046
0.3033
0.3073
0.3091
0.3046
0.3043
0.3098
0.3049
0.3027
0.3101
0.3052
0.3055
0.3024
0.3030
0.3085
0.3137
0.3143
0.3098
0.3094
0.3064
0.3119
0.3085
0.3082
0.3070
0.3009
0.3027
0.2991
0.3122
0.3027
0.3024
0.3128
0.3064
0.3152
0.3159
0.3098
0.3174
0.3113
0.3076
0.3088
0.3171
0.3152
0.3125
0.3198
0.3152
0.3238
0.3171
0.3238
0.3183
0.3214
0.3214
0.3168
0.3223
0.3217
0.3195
0.3140
0.3152
0.3146
0.3174
0.3152
0.3079
0.3094
0.3149
0.3159
0.3079
0.3137
0.3162
0.3085
0.3079
0.3165
0.3101
0.3168
0.3168
0.3104
0.3159
0.3113
0.3140
0.3107
0.3189
0.3156
0.3180
0.3107
0.3180
0.3192
0.3177
0.3107
0.3122
0.3104
0.3149
0.3070
0.3156
0.3171
0.3152
0.3116
0.3104
0.3110
0.3104
0.3134
0.3012
0.3021
0.3134
0.3046
0.3076
0.3079
0.3021
0.3098
0.3049
0.3009
0.3094
0.3036
0.3079
0.3085
0.3024
0.3082
0.3058
0.2988
0.2979
0.3018
0.3076
0.3049
0.3061
0.3079
0.3006
0.3076
0.3033
0.2994
0.3076
0.3006
0.3101
0.3076
0.3000
0.3006
0.3061
0.3058
0.2991
0.3027
0.3043
0.3021
0.3036
0.3055
0.3021
0.3030
0.3033
0.3006
0.3061
0.3079
0.3073
0.3101
0.3082
0.3177
0.3125
0.3152
0.3149
0.3116
0.3152
0.3091
0.3174
0.3076
0.3098
0.3165
0.3125
0.3165
0.3171
0.3140
0.3171
0.3091
0.3177
0.3165
0.3189
0.3201
0.3198
0.3168
0.3207
0.3210
0.3165
0.3177
0.3238
0.3198
0.3226
0.3174
0.3162
0.3223
0.3241
0.3174
0.3183
0.3192
0.3125
0.3223
0.3165
0.3128
0.3137
0.3131
0.3201
0.3119
0.3186
0.3189
0.3128
0.3159
0.3152
0.3146
0.3317
0.3226
0.3226
0.3104
0.3140
0.3207
0.3110
0.3180
0.3201
0.3156
0.3165
0.3128
0.3082
0.3098
0.3143
0.3052
0.3152
0.3088
0.3165
0.3070
0.3113
0.3073
0.3073
0.3076
0.3168
0.3146
0.3156
0.3119
0.3156
0.3189
0.3128
0.3183
0.3094
0.3085
0.3076
0.3162
0.3162
0.3143
0.3143
0.3149
0.3110
0.3119
0.3070
0.3180
0.3201
0.3180
0.3107
0.3195
0.3210
0.3226
0.3229
0.3241
0.3171
0.3232
0.3174
0.3192
0.3143
0.3229
0.3214
0.3183
0.3201
0.3140
0.3146
0.3189
0.3201
0.3183
0.3110
0.3162
0.3207
0.3198
0.3079
0.3201
0.3146
0.3113
0.3125
0.3177
0.3134
0.3214
0.3195
0.3220
0.3204
0.3198
0.3174
0.3201
0.3198
0.3159
0.3116
0.3165
0.3149
0.3152
0.3104
0.3149
0.3088
0.3079
0.3104
0.3094
0.3104
0.3070
0.3094
0.3125
0.3098
0.3091
0.3073
0.2982
0.3040
0.3088
0.3006
0.3009
0.3043
0.3015
0.3043
0.3024
0.3116
0.3094
0.3030
0.3036
0.3058
0.2988
0.3091
0.3024
0.3094
0.3076
0.3079
0.3021
0.3000
0.2994
0.3024
0.3091
0.3116
0.3073
0.3070
0.3030
0.3088
0.3131
0.3156
0.3085
0.3076
0.3098
0.3107
0.3110
0.3168
0.3085
0.3152
0.3186
0.3171
0.3171
0.3159
0.3125
0.3076
0.3131
0.3156
0.3131
0.3177
0.3183
0.3107
0.3168
0.3119
0.3159
0.3189
0.3134
0.3113
0.3201
0.3152
0.3094
0.3174
0.3162
0.3058
0.3061
0.3125
0.3079
0.3131
0.3149
0.3040
0.3137
0.3101
0.3049
0.3149
0.3137
0.3058
0.3140
0.3085
0.3088
0.3177
0.3110
0.3201
0.3201
0.3183
0.3177
0.3207
0.3189
0.3223
0.3244
0.3168
0.3159
0.3214
0.3192
0.3110
0.3101
0.3085
0.3168
0.3174
0.3098
0.3088
0.3101
0.3055
0.3049
0.3137
0.3152
0.3131
0.3137
0.3131
0.3140
0.3149
0.3159
0.3229
0.3186
0.3159
0.3226
0.3159
0.3253
0.3183
0.3204
0.3137
0.3159
0.3192
0.3171
0.3183
0.3140
0.3061
0.3116
0.3131
0.3149
0.3061
0.3140
0.3088
0.3104
0.3052
0.3091
0.3146
0.3113
0.3061
0.3040
0.3119
0.3122
0.3009
0.3018
0.3070
0.3015
0.3088
0.3036
0.3076
0.2972
0.3006
0.2997
0.2994
0.2985
0.3015
0.2908
0.2957
0.2908
0.2954
0.3030
0.3064
0.3061
0.2972
0.3055
0.3082
0.3064
0.3091
0.3040
0.3113
0.3082
0.3073
0.3049
0.3098
0.3064
0.3027
0.3033
0.3018
0.3085
0.3061
0.3043
0.3052
0.3003
0.3036
0.3058
0.3128
0.3088
0.3116
0.3125
0.3131
0.3076
0.3113
0.3159
0.3171
0.3149
0.3180
0.3122
0.3152
0.3146
0.3091
0.3104
0.3207
0.3122
0.3119
0.3125
0.3082
0.3140
0.3085
0.3174
0.3156
0.3125
0.3064
0.3140
0.3104
0.3146
0.3125
0.3107
0.3104
0.3149
0.3134
0.3070
0.3116
0.3094
0.3070
0.3101
0.3094
0.3043
0.3116
0.3122
0.3061
0.3091
0.3015
0.3046
0.3049
0.3040
0.3064
0.3052
0.3000
0.3094
0.3055
0.3049
0.3125
0.3052
0.3058
0.3043
0.3134
0.3140
0.3094
0.3125
0.3058
0.3146
0.3070
0.3131
0.3131
0.3021
0.3140
0.3122
0.3082
0.3055
0.3104
0.3061
0.3082
0.3104
0.3116
0.3119
0.3052
0.3107
0.3091
0.3101
0.3088
0.3079
0.3082
0.3061
0.3073
0.3082
0.3064
0.3070
0.3119
0.3055
0.3085
0.2988
0.3088
